0.000000000000000000e+00 0.000000000000000000e+00 0.000000000000000000e+00
0.000000000000000000e+00 0.000000000000000000e+00 0.000000000000000000e+00
0.000000000000000000e+00 0.000000000000000000e+00 0.000000000000000000e+00
0.000000000000000000e+00 0.000000000000000000e+00 0.000000000000000000e+00
3.921568627450980338e-03 3.921568627450980338e-03 3.921568627450980338e-03
3.921568627450980338e-03 3.921568627450980338e-03 3.921568627450980338e-03
3.921568627450980338e-03 3.921568627450980338e-03 3.921568627450980338e-03
3.921568627450980338e-03 3.921568627450980338e-03 3.921568627450980338e-03
3.921568627450980338e-03 3.921568627450980338e-03 3.921568627450980338e-03
1.568627450980392135e-02 0.000000000000000000e+00 0.000000000000000000e+00
2.745098039215686236e-02 0.000000000000000000e+00 0.000000000000000000e+00
3.921568627450980338e-02 0.000000000000000000e+00 0.000000000000000000e+00
5.098039215686274439e-02 0.000000000000000000e+00 0.000000000000000000e+00
6.274509803921568540e-02 0.000000000000000000e+00 0.000000000000000000e+00
7.843137254901960675e-02 0.000000000000000000e+00 0.000000000000000000e+00
9.019607843137254777e-02 0.000000000000000000e+00 0.000000000000000000e+00
1.058823529411764691e-01 0.000000000000000000e+00 0.000000000000000000e+00
1.176470588235294101e-01 0.000000000000000000e+00 0.000000000000000000e+00
1.294117647058823650e-01 0.000000000000000000e+00 0.000000000000000000e+00
1.411764705882352922e-01 0.000000000000000000e+00 0.000000000000000000e+00
1.529411764705882470e-01 0.000000000000000000e+00 0.000000000000000000e+00
1.647058823529411742e-01 0.000000000000000000e+00 0.000000000000000000e+00
1.764705882352941291e-01 0.000000000000000000e+00 0.000000000000000000e+00
1.882352941176470562e-01 0.000000000000000000e+00 0.000000000000000000e+00
2.039215686274509776e-01 0.000000000000000000e+00 0.000000000000000000e+00
2.156862745098039325e-01 0.000000000000000000e+00 0.000000000000000000e+00
2.274509803921568596e-01 0.000000000000000000e+00 0.000000000000000000e+00
2.392156862745098145e-01 0.000000000000000000e+00 0.000000000000000000e+00
2.549019607843137081e-01 0.000000000000000000e+00 0.000000000000000000e+00
2.666666666666666630e-01 0.000000000000000000e+00 0.000000000000000000e+00
2.784313725490196179e-01 0.000000000000000000e+00 0.000000000000000000e+00
2.901960784313725727e-01 0.000000000000000000e+00 0.000000000000000000e+00
3.058823529411764941e-01 0.000000000000000000e+00 0.000000000000000000e+00
3.176470588235293935e-01 0.000000000000000000e+00 0.000000000000000000e+00
3.294117647058823484e-01 0.000000000000000000e+00 0.000000000000000000e+00
3.411764705882353033e-01 0.000000000000000000e+00 0.000000000000000000e+00
3.529411764705882582e-01 0.000000000000000000e+00 0.000000000000000000e+00
3.647058823529411575e-01 0.000000000000000000e+00 0.000000000000000000e+00
3.764705882352941124e-01 0.000000000000000000e+00 0.000000000000000000e+00
3.882352941176470673e-01 0.000000000000000000e+00 0.000000000000000000e+00
4.039215686274509887e-01 0.000000000000000000e+00 0.000000000000000000e+00
4.156862745098039436e-01 0.000000000000000000e+00 0.000000000000000000e+00
4.313725490196078649e-01 0.000000000000000000e+00 0.000000000000000000e+00
4.431372549019607643e-01 0.000000000000000000e+00 0.000000000000000000e+00
4.588235294117646856e-01 0.000000000000000000e+00 0.000000000000000000e+00
4.705882352941176405e-01 0.000000000000000000e+00 0.000000000000000000e+00
4.823529411764705954e-01 0.000000000000000000e+00 0.000000000000000000e+00
4.941176470588235503e-01 0.000000000000000000e+00 0.000000000000000000e+00
5.098039215686274161e-01 0.000000000000000000e+00 0.000000000000000000e+00
5.215686274509804266e-01 0.000000000000000000e+00 0.000000000000000000e+00
5.333333333333333259e-01 0.000000000000000000e+00 0.000000000000000000e+00
5.450980392156862253e-01 0.000000000000000000e+00 0.000000000000000000e+00
5.568627450980392357e-01 0.000000000000000000e+00 0.000000000000000000e+00
5.686274509803921351e-01 0.000000000000000000e+00 0.000000000000000000e+00
5.803921568627451455e-01 0.000000000000000000e+00 0.000000000000000000e+00
5.921568627450980449e-01 0.000000000000000000e+00 0.000000000000000000e+00
6.078431372549019107e-01 0.000000000000000000e+00 0.000000000000000000e+00
6.196078431372549211e-01 0.000000000000000000e+00 0.000000000000000000e+00
6.313725490196078205e-01 0.000000000000000000e+00 0.000000000000000000e+00
6.431372549019608309e-01 0.000000000000000000e+00 0.000000000000000000e+00
6.588235294117646967e-01 0.000000000000000000e+00 0.000000000000000000e+00
6.705882352941175961e-01 0.000000000000000000e+00 0.000000000000000000e+00
6.823529411764706065e-01 0.000000000000000000e+00 0.000000000000000000e+00
6.941176470588235059e-01 0.000000000000000000e+00 0.000000000000000000e+00
7.098039215686274828e-01 0.000000000000000000e+00 0.000000000000000000e+00
7.215686274509803821e-01 0.000000000000000000e+00 0.000000000000000000e+00
7.333333333333332815e-01 0.000000000000000000e+00 0.000000000000000000e+00
7.450980392156862919e-01 0.000000000000000000e+00 0.000000000000000000e+00
7.568627450980391913e-01 0.000000000000000000e+00 0.000000000000000000e+00
7.686274509803922017e-01 0.000000000000000000e+00 0.000000000000000000e+00
7.843137254901960675e-01 0.000000000000000000e+00 0.000000000000000000e+00
7.960784313725489669e-01 0.000000000000000000e+00 0.000000000000000000e+00
8.117647058823529438e-01 0.000000000000000000e+00 0.000000000000000000e+00
8.235294117647058432e-01 0.000000000000000000e+00 0.000000000000000000e+00
8.352941176470588536e-01 0.000000000000000000e+00 0.000000000000000000e+00
8.470588235294117530e-01 0.000000000000000000e+00 0.000000000000000000e+00
8.627450980392157298e-01 0.000000000000000000e+00 0.000000000000000000e+00
8.745098039215686292e-01 0.000000000000000000e+00 0.000000000000000000e+00
8.862745098039215286e-01 0.000000000000000000e+00 0.000000000000000000e+00
8.980392156862745390e-01 0.000000000000000000e+00 0.000000000000000000e+00
9.137254901960784048e-01 0.000000000000000000e+00 0.000000000000000000e+00
9.254901960784314152e-01 0.000000000000000000e+00 0.000000000000000000e+00
9.372549019607843146e-01 0.000000000000000000e+00 0.000000000000000000e+00
9.490196078431372140e-01 0.000000000000000000e+00 0.000000000000000000e+00
9.607843137254902244e-01 0.000000000000000000e+00 0.000000000000000000e+00
9.686274509803921573e-01 0.000000000000000000e+00 0.000000000000000000e+00
9.803921568627450567e-01 3.921568627450980338e-03 0.000000000000000000e+00
9.882352941176471006e-01 7.843137254901960675e-03 0.000000000000000000e+00
1.000000000000000000e+00 1.176470588235294101e-02 0.000000000000000000e+00
1.000000000000000000e+00 2.352941176470588203e-02 0.000000000000000000e+00
1.000000000000000000e+00 3.529411764705882304e-02 0.000000000000000000e+00
1.000000000000000000e+00 4.705882352941176405e-02 0.000000000000000000e+00
1.000000000000000000e+00 6.274509803921568540e-02 0.000000000000000000e+00
1.000000000000000000e+00 7.450980392156862642e-02 0.000000000000000000e+00
1.000000000000000000e+00 8.627450980392156743e-02 0.000000000000000000e+00
1.000000000000000000e+00 9.803921568627450844e-02 0.000000000000000000e+00
1.000000000000000000e+00 1.137254901960784298e-01 0.000000000000000000e+00
1.000000000000000000e+00 1.254901960784313708e-01 0.000000000000000000e+00
1.000000000000000000e+00 1.372549019607843257e-01 0.000000000000000000e+00
1.000000000000000000e+00 1.490196078431372528e-01 0.000000000000000000e+00
1.000000000000000000e+00 1.647058823529411742e-01 0.000000000000000000e+00
1.000000000000000000e+00 1.764705882352941291e-01 0.000000000000000000e+00
1.000000000000000000e+00 1.882352941176470562e-01 0.000000000000000000e+00
1.000000000000000000e+00 2.000000000000000111e-01 0.000000000000000000e+00
1.000000000000000000e+00 2.156862745098039325e-01 0.000000000000000000e+00
1.000000000000000000e+00 2.274509803921568596e-01 0.000000000000000000e+00
1.000000000000000000e+00 2.392156862745098145e-01 0.000000000000000000e+00
1.000000000000000000e+00 2.509803921568627416e-01 0.000000000000000000e+00
1.000000000000000000e+00 2.666666666666666630e-01 0.000000000000000000e+00
1.000000000000000000e+00 2.784313725490196179e-01 0.000000000000000000e+00
1.000000000000000000e+00 2.901960784313725727e-01 0.000000000000000000e+00
1.000000000000000000e+00 3.019607843137254721e-01 0.000000000000000000e+00
1.000000000000000000e+00 3.176470588235293935e-01 0.000000000000000000e+00
1.000000000000000000e+00 3.294117647058823484e-01 0.000000000000000000e+00
1.000000000000000000e+00 3.411764705882353033e-01 0.000000000000000000e+00
1.000000000000000000e+00 3.529411764705882582e-01 0.000000000000000000e+00
1.000000000000000000e+00 3.686274509803921795e-01 0.000000000000000000e+00
1.000000000000000000e+00 3.803921568627450789e-01 0.000000000000000000e+00
1.000000000000000000e+00 3.921568627450980338e-01 0.000000000000000000e+00
1.000000000000000000e+00 4.039215686274509887e-01 0.000000000000000000e+00
1.000000000000000000e+00 4.156862745098039436e-01 0.000000000000000000e+00
1.000000000000000000e+00 4.274509803921568429e-01 0.000000000000000000e+00
1.000000000000000000e+00 4.392156862745097978e-01 0.000000000000000000e+00
1.000000000000000000e+00 4.509803921568627527e-01 0.000000000000000000e+00
1.000000000000000000e+00 4.666666666666666741e-01 0.000000000000000000e+00
1.000000000000000000e+00 4.784313725490196290e-01 0.000000000000000000e+00
1.000000000000000000e+00 4.941176470588235503e-01 0.000000000000000000e+00
1.000000000000000000e+00 5.058823529411764497e-01 0.000000000000000000e+00
1.000000000000000000e+00 5.215686274509804266e-01 0.000000000000000000e+00
1.000000000000000000e+00 5.333333333333333259e-01 0.000000000000000000e+00
1.000000000000000000e+00 5.450980392156862253e-01 0.000000000000000000e+00
1.000000000000000000e+00 5.568627450980392357e-01 0.000000000000000000e+00
1.000000000000000000e+00 5.686274509803921351e-01 0.000000000000000000e+00
1.000000000000000000e+00 5.803921568627451455e-01 0.000000000000000000e+00
1.000000000000000000e+00 5.921568627450980449e-01 0.000000000000000000e+00
1.000000000000000000e+00 6.039215686274509443e-01 0.000000000000000000e+00
1.000000000000000000e+00 6.196078431372549211e-01 0.000000000000000000e+00
1.000000000000000000e+00 6.313725490196078205e-01 0.000000000000000000e+00
1.000000000000000000e+00 6.431372549019608309e-01 0.000000000000000000e+00
1.000000000000000000e+00 6.549019607843137303e-01 0.000000000000000000e+00
1.000000000000000000e+00 6.705882352941175961e-01 0.000000000000000000e+00
1.000000000000000000e+00 6.823529411764706065e-01 0.000000000000000000e+00
1.000000000000000000e+00 6.941176470588235059e-01 0.000000000000000000e+00
1.000000000000000000e+00 7.058823529411765163e-01 0.000000000000000000e+00
1.000000000000000000e+00 7.215686274509803821e-01 0.000000000000000000e+00
1.000000000000000000e+00 7.333333333333332815e-01 0.000000000000000000e+00
1.000000000000000000e+00 7.450980392156862919e-01 0.000000000000000000e+00
1.000000000000000000e+00 7.568627450980391913e-01 0.000000000000000000e+00
1.000000000000000000e+00 7.725490196078431682e-01 0.000000000000000000e+00
1.000000000000000000e+00 7.843137254901960675e-01 0.000000000000000000e+00
1.000000000000000000e+00 7.960784313725489669e-01 0.000000000000000000e+00
1.000000000000000000e+00 8.078431372549019773e-01 0.000000000000000000e+00
1.000000000000000000e+00 8.196078431372548767e-01 0.000000000000000000e+00
1.000000000000000000e+00 8.313725490196078871e-01 0.000000000000000000e+00
1.000000000000000000e+00 8.470588235294117530e-01 0.000000000000000000e+00
1.000000000000000000e+00 8.588235294117646523e-01 0.000000000000000000e+00
1.000000000000000000e+00 8.745098039215686292e-01 0.000000000000000000e+00
1.000000000000000000e+00 8.862745098039215286e-01 0.000000000000000000e+00
1.000000000000000000e+00 8.980392156862745390e-01 0.000000000000000000e+00
1.000000000000000000e+00 9.098039215686274384e-01 0.000000000000000000e+00
1.000000000000000000e+00 9.254901960784314152e-01 0.000000000000000000e+00
1.000000000000000000e+00 9.372549019607843146e-01 0.000000000000000000e+00
1.000000000000000000e+00 9.490196078431372140e-01 0.000000000000000000e+00
1.000000000000000000e+00 9.607843137254902244e-01 0.000000000000000000e+00
1.000000000000000000e+00 9.764705882352940902e-01 0.000000000000000000e+00
1.000000000000000000e+00 9.803921568627450567e-01 3.921568627450980338e-03
1.000000000000000000e+00 9.882352941176471006e-01 1.176470588235294101e-02
1.000000000000000000e+00 9.921568627450980671e-01 1.568627450980392135e-02
1.000000000000000000e+00 1.000000000000000000e+00 2.352941176470588203e-02
1.000000000000000000e+00 1.000000000000000000e+00 3.529411764705882304e-02
1.000000000000000000e+00 1.000000000000000000e+00 4.705882352941176405e-02
1.000000000000000000e+00 1.000000000000000000e+00 5.882352941176470507e-02
1.000000000000000000e+00 1.000000000000000000e+00 7.450980392156862642e-02
1.000000000000000000e+00 1.000000000000000000e+00 8.627450980392156743e-02
1.000000000000000000e+00 1.000000000000000000e+00 9.803921568627450844e-02
1.000000000000000000e+00 1.000000000000000000e+00 1.098039215686274495e-01
1.000000000000000000e+00 1.000000000000000000e+00 1.254901960784313708e-01
1.000000000000000000e+00 1.000000000000000000e+00 1.372549019607843257e-01
1.000000000000000000e+00 1.000000000000000000e+00 1.490196078431372528e-01
1.000000000000000000e+00 1.000000000000000000e+00 1.607843137254902077e-01
1.000000000000000000e+00 1.000000000000000000e+00 1.764705882352941291e-01
1.000000000000000000e+00 1.000000000000000000e+00 1.882352941176470562e-01
1.000000000000000000e+00 1.000000000000000000e+00 2.000000000000000111e-01
1.000000000000000000e+00 1.000000000000000000e+00 2.117647058823529382e-01
1.000000000000000000e+00 1.000000000000000000e+00 2.274509803921568596e-01
1.000000000000000000e+00 1.000000000000000000e+00 2.392156862745098145e-01
1.000000000000000000e+00 1.000000000000000000e+00 2.509803921568627416e-01
1.000000000000000000e+00 1.000000000000000000e+00 2.627450980392156965e-01
1.000000000000000000e+00 1.000000000000000000e+00 2.784313725490196179e-01
1.000000000000000000e+00 1.000000000000000000e+00 2.901960784313725727e-01
1.000000000000000000e+00 1.000000000000000000e+00 3.019607843137254721e-01
1.000000000000000000e+00 1.000000000000000000e+00 3.137254901960784270e-01
1.000000000000000000e+00 1.000000000000000000e+00 3.294117647058823484e-01
1.000000000000000000e+00 1.000000000000000000e+00 3.411764705882353033e-01
1.000000000000000000e+00 1.000000000000000000e+00 3.529411764705882582e-01
1.000000000000000000e+00 1.000000000000000000e+00 3.647058823529411575e-01
1.000000000000000000e+00 1.000000000000000000e+00 3.803921568627450789e-01
1.000000000000000000e+00 1.000000000000000000e+00 3.921568627450980338e-01
1.000000000000000000e+00 1.000000000000000000e+00 4.039215686274509887e-01
1.000000000000000000e+00 1.000000000000000000e+00 4.156862745098039436e-01
1.000000000000000000e+00 1.000000000000000000e+00 4.313725490196078649e-01
1.000000000000000000e+00 1.000000000000000000e+00 4.431372549019607643e-01
1.000000000000000000e+00 1.000000000000000000e+00 4.549019607843137192e-01
1.000000000000000000e+00 1.000000000000000000e+00 4.666666666666666741e-01
1.000000000000000000e+00 1.000000000000000000e+00 4.784313725490196290e-01
1.000000000000000000e+00 1.000000000000000000e+00 4.901960784313725283e-01
1.000000000000000000e+00 1.000000000000000000e+00 5.019607843137254832e-01
1.000000000000000000e+00 1.000000000000000000e+00 5.137254901960783826e-01
1.000000000000000000e+00 1.000000000000000000e+00 5.294117647058823595e-01
1.000000000000000000e+00 1.000000000000000000e+00 5.411764705882352589e-01
1.000000000000000000e+00 1.000000000000000000e+00 5.568627450980392357e-01
1.000000000000000000e+00 1.000000000000000000e+00 5.686274509803921351e-01
1.000000000000000000e+00 1.000000000000000000e+00 5.843137254901961120e-01
1.000000000000000000e+00 1.000000000000000000e+00 5.960784313725490113e-01
1.000000000000000000e+00 1.000000000000000000e+00 6.078431372549019107e-01
1.000000000000000000e+00 1.000000000000000000e+00 6.196078431372549211e-01
1.000000000000000000e+00 1.000000000000000000e+00 6.313725490196078205e-01
1.000000000000000000e+00 1.000000000000000000e+00 6.431372549019608309e-01
1.000000000000000000e+00 1.000000000000000000e+00 6.549019607843137303e-01
1.000000000000000000e+00 1.000000000000000000e+00 6.666666666666666297e-01
1.000000000000000000e+00 1.000000000000000000e+00 6.823529411764706065e-01
1.000000000000000000e+00 1.000000000000000000e+00 6.941176470588235059e-01
1.000000000000000000e+00 1.000000000000000000e+00 7.058823529411765163e-01
1.000000000000000000e+00 1.000000000000000000e+00 7.176470588235294157e-01
1.000000000000000000e+00 1.000000000000000000e+00 7.333333333333332815e-01
1.000000000000000000e+00 1.000000000000000000e+00 7.450980392156862919e-01
1.000000000000000000e+00 1.000000000000000000e+00 7.568627450980391913e-01
1.000000000000000000e+00 1.000000000000000000e+00 7.686274509803922017e-01
1.000000000000000000e+00 1.000000000000000000e+00 7.843137254901960675e-01
1.000000000000000000e+00 1.000000000000000000e+00 7.960784313725489669e-01
1.000000000000000000e+00 1.000000000000000000e+00 8.078431372549019773e-01
1.000000000000000000e+00 1.000000000000000000e+00 8.196078431372548767e-01
1.000000000000000000e+00 1.000000000000000000e+00 8.352941176470588536e-01
1.000000000000000000e+00 1.000000000000000000e+00 8.470588235294117530e-01
1.000000000000000000e+00 1.000000000000000000e+00 8.588235294117646523e-01
1.000000000000000000e+00 1.000000000000000000e+00 8.705882352941176627e-01
1.000000000000000000e+00 1.000000000000000000e+00 8.823529411764705621e-01
1.000000000000000000e+00 1.000000000000000000e+00 8.941176470588235725e-01
1.000000000000000000e+00 1.000000000000000000e+00 9.098039215686274384e-01
1.000000000000000000e+00 1.000000000000000000e+00 9.215686274509803377e-01
1.000000000000000000e+00 1.000000000000000000e+00 9.372549019607843146e-01
1.000000000000000000e+00 1.000000000000000000e+00 9.490196078431372140e-01
1.000000000000000000e+00 1.000000000000000000e+00 9.607843137254902244e-01
1.000000000000000000e+00 1.000000000000000000e+00 9.725490196078431238e-01
1.000000000000000000e+00 1.000000000000000000e+00 9.882352941176471006e-01
1.000000000000000000e+00 1.000000000000000000e+00 9.882352941176471006e-01
1.000000000000000000e+00 1.000000000000000000e+00 9.921568627450980671e-01
1.000000000000000000e+00 1.000000000000000000e+00 9.960784313725490335e-01
1.000000000000000000e+00 1.000000000000000000e+00 1.000000000000000000e+00
1.000000000000000000e+00 1.000000000000000000e+00 1.000000000000000000e+00
1.000000000000000000e+00 1.000000000000000000e+00 1.000000000000000000e+00
1.000000000000000000e+00 1.000000000000000000e+00 1.000000000000000000e+00
1.000000000000000000e+00 1.000000000000000000e+00 1.000000000000000000e+00
1.000000000000000000e+00 1.000000000000000000e+00 1.000000000000000000e+00
1.000000000000000000e+00 1.000000000000000000e+00 1.000000000000000000e+00
1.000000000000000000e+00 1.000000000000000000e+00 1.000000000000000000e+00
