1.000000000000000000e+00 9.841897233201580830e-01 9.683794466403161660e-01
1.000000000000000000e+00 9.841897233201580830e-01 9.683794466403161660e-01
1.000000000000000000e+00 9.762845849802371800e-01 9.525691699604743601e-01
1.000000000000000000e+00 9.683794466403161660e-01 9.367588932806324431e-01
1.000000000000000000e+00 9.604743083003952631e-01 9.209486166007905261e-01
1.000000000000000000e+00 9.525691699604743601e-01 9.051383399209486091e-01
1.000000000000000000e+00 9.446640316205533461e-01 8.893280632411066922e-01
1.000000000000000000e+00 9.367588932806324431e-01 8.735177865612647752e-01
1.000000000000000000e+00 9.288537549407114291e-01 8.577075098814229692e-01
1.000000000000000000e+00 9.209486166007905261e-01 8.418972332015810522e-01
1.000000000000000000e+00 9.130434782608695121e-01 8.260869565217391353e-01
1.000000000000000000e+00 9.051383399209486091e-01 8.102766798418972183e-01
1.000000000000000000e+00 8.972332015810277062e-01 7.944664031620553013e-01
1.000000000000000000e+00 8.893280632411066922e-01 7.786561264822133843e-01
1.000000000000000000e+00 8.814229249011857892e-01 7.628458498023715784e-01
1.000000000000000000e+00 8.735177865612647752e-01 7.509881422924901129e-01
1.000000000000000000e+00 8.656126482213438722e-01 7.351778656126481959e-01
1.000000000000000000e+00 8.577075098814229692e-01 7.193675889328062789e-01
1.000000000000000000e+00 8.498023715415019552e-01 7.035573122529644730e-01
1.000000000000000000e+00 8.418972332015810522e-01 6.877470355731225560e-01
1.000000000000000000e+00 8.339920948616600382e-01 6.719367588932806390e-01
1.000000000000000000e+00 8.260869565217391353e-01 6.561264822134387220e-01
1.000000000000000000e+00 8.181818181818182323e-01 6.403162055335968050e-01
1.000000000000000000e+00 8.102766798418972183e-01 6.245059288537548881e-01
1.000000000000000000e+00 8.023715415019763153e-01 6.086956521739130821e-01
1.000000000000000000e+00 7.944664031620553013e-01 5.928853754940711651e-01
1.000000000000000000e+00 7.865612648221343983e-01 5.770750988142292481e-01
1.000000000000000000e+00 7.786561264822133843e-01 5.612648221343873312e-01
1.000000000000000000e+00 7.707509881422924813e-01 5.454545454545454142e-01
1.000000000000000000e+00 7.628458498023715784e-01 5.296442687747036082e-01
1.000000000000000000e+00 7.549407114624505644e-01 5.138339920948616912e-01
1.000000000000000000e+00 7.509881422924901129e-01 4.980237154150197743e-01
1.000000000000000000e+00 7.430830039525692099e-01 4.822134387351778573e-01
1.000000000000000000e+00 7.351778656126481959e-01 4.664031620553359958e-01
1.000000000000000000e+00 7.272727272727272929e-01 4.505928853754940788e-01
1.000000000000000000e+00 7.193675889328062789e-01 4.347826086956521618e-01
1.000000000000000000e+00 7.114624505928853759e-01 4.189723320158103004e-01
1.000000000000000000e+00 7.035573122529644730e-01 4.031620553359683834e-01
1.000000000000000000e+00 6.956521739130434590e-01 3.873517786561264664e-01
1.000000000000000000e+00 6.877470355731225560e-01 3.715415019762846049e-01
1.000000000000000000e+00 6.798418972332015420e-01 3.557312252964426880e-01
1.000000000000000000e+00 6.719367588932806390e-01 3.399209486166007710e-01
1.000000000000000000e+00 6.640316205533597360e-01 3.241106719367589095e-01
1.000000000000000000e+00 6.561264822134387220e-01 3.083003952569169925e-01
1.000000000000000000e+00 6.482213438735178190e-01 2.924901185770750756e-01
1.000000000000000000e+00 6.403162055335968050e-01 2.766798418972332141e-01
1.000000000000000000e+00 6.324110671936759021e-01 2.608695652173912971e-01
1.000000000000000000e+00 6.245059288537548881e-01 2.490118577075098871e-01
1.000000000000000000e+00 6.166007905138339851e-01 2.332015810276679979e-01
1.000000000000000000e+00 6.086956521739130821e-01 2.173913043478260809e-01
1.000000000000000000e+00 6.007905138339920681e-01 2.015810276679841917e-01
1.000000000000000000e+00 5.928853754940711651e-01 1.857707509881423025e-01
1.000000000000000000e+00 5.849802371541501511e-01 1.699604743083003855e-01
1.000000000000000000e+00 5.770750988142292481e-01 1.541501976284584963e-01
1.000000000000000000e+00 5.691699604743083452e-01 1.383399209486166070e-01
1.000000000000000000e+00 5.612648221343873312e-01 1.225296442687747039e-01
1.000000000000000000e+00 5.533596837944664282e-01 1.067193675889328008e-01
1.000000000000000000e+00 5.454545454545454142e-01 9.090909090909091161e-02
1.000000000000000000e+00 5.375494071146245112e-01 7.509881422924900851e-02
1.000000000000000000e+00 5.296442687747036082e-01 5.928853754940711235e-02
1.000000000000000000e+00 5.217391304347825942e-01 4.347826086956521618e-02
1.000000000000000000e+00 5.138339920948616912e-01 2.766798418972332002e-02
1.000000000000000000e+00 5.059288537549406772e-01 1.185770750988142212e-02
1.000000000000000000e+00 4.980237154150197743e-01 0.000000000000000000e+00
9.920948616600790970e-01 4.901185770750988158e-01 1.185770750988142212e-02
9.841897233201580830e-01 4.822134387351778573e-01 2.766798418972332002e-02
9.762845849802371800e-01 4.743083003952568988e-01 4.347826086956521618e-02
9.683794466403161660e-01 4.664031620553359958e-01 5.928853754940711235e-02
9.604743083003952631e-01 4.584980237154150373e-01 7.509881422924900851e-02
9.525691699604743601e-01 4.505928853754940788e-01 9.090909090909091161e-02
9.446640316205533461e-01 4.426877470355731203e-01 1.067193675889328008e-01
9.367588932806324431e-01 4.347826086956521618e-01 1.225296442687747039e-01
9.288537549407114291e-01 4.268774703557312034e-01 1.383399209486166070e-01
9.209486166007905261e-01 4.189723320158103004e-01 1.541501976284584963e-01
9.130434782608695121e-01 4.110671936758893419e-01 1.699604743083003855e-01
9.051383399209486091e-01 4.031620553359683834e-01 1.857707509881423025e-01
8.972332015810277062e-01 3.952569169960474249e-01 2.015810276679841917e-01
8.893280632411066922e-01 3.873517786561264664e-01 2.173913043478260809e-01
8.814229249011857892e-01 3.794466403162055079e-01 2.332015810276679979e-01
8.735177865612647752e-01 3.715415019762846049e-01 2.490118577075098871e-01
8.656126482213438722e-01 3.636363636363636465e-01 2.608695652173912971e-01
8.577075098814229692e-01 3.557312252964426880e-01 2.766798418972332141e-01
8.498023715415019552e-01 3.478260869565217295e-01 2.924901185770750756e-01
8.418972332015810522e-01 3.399209486166007710e-01 3.083003952569169925e-01
8.339920948616600382e-01 3.320158102766798680e-01 3.241106719367589095e-01
8.260869565217391353e-01 3.241106719367589095e-01 3.399209486166007710e-01
8.181818181818182323e-01 3.162055335968379510e-01 3.557312252964426880e-01
8.102766798418972183e-01 3.083003952569169925e-01 3.715415019762846049e-01
8.023715415019763153e-01 3.003952569169960340e-01 3.873517786561264664e-01
7.944664031620553013e-01 2.924901185770750756e-01 4.031620553359683834e-01
7.865612648221343983e-01 2.845849802371541726e-01 4.189723320158103004e-01
7.786561264822133843e-01 2.766798418972332141e-01 4.347826086956521618e-01
7.707509881422924813e-01 2.687747035573122556e-01 4.505928853754940788e-01
7.628458498023715784e-01 2.608695652173912971e-01 4.664031620553359958e-01
7.549407114624505644e-01 2.529644268774703386e-01 4.822134387351778573e-01
7.509881422924901129e-01 2.490118577075098871e-01 4.980237154150197743e-01
7.430830039525692099e-01 2.411067193675889286e-01 5.138339920948616912e-01
7.351778656126481959e-01 2.332015810276679979e-01 5.296442687747036082e-01
7.272727272727272929e-01 2.252964426877470394e-01 5.454545454545454142e-01
7.193675889328062789e-01 2.173913043478260809e-01 5.612648221343873312e-01
7.114624505928853759e-01 2.094861660079051502e-01 5.770750988142292481e-01
7.035573122529644730e-01 2.015810276679841917e-01 5.928853754940711651e-01
6.956521739130434590e-01 1.936758893280632332e-01 6.086956521739130821e-01
6.877470355731225560e-01 1.857707509881423025e-01 6.245059288537548881e-01
6.798418972332015420e-01 1.778656126482213440e-01 6.403162055335968050e-01
6.719367588932806390e-01 1.699604743083003855e-01 6.561264822134387220e-01
6.640316205533597360e-01 1.620553359683794548e-01 6.719367588932806390e-01
6.561264822134387220e-01 1.541501976284584963e-01 6.877470355731225560e-01
6.482213438735178190e-01 1.462450592885375378e-01 7.035573122529644730e-01
6.403162055335968050e-01 1.383399209486166070e-01 7.193675889328062789e-01
6.324110671936759021e-01 1.304347826086956486e-01 7.351778656126481959e-01
6.245059288537548881e-01 1.225296442687747039e-01 7.509881422924901129e-01
6.166007905138339851e-01 1.146245059288537593e-01 7.628458498023715784e-01
6.086956521739130821e-01 1.067193675889328008e-01 7.786561264822133843e-01
6.007905138339920681e-01 9.881422924901185623e-02 7.944664031620553013e-01
5.928853754940711651e-01 9.090909090909091161e-02 8.102766798418972183e-01
5.849802371541501511e-01 8.300395256916996700e-02 8.260869565217391353e-01
5.770750988142292481e-01 7.509881422924900851e-02 8.418972332015810522e-01
5.691699604743083452e-01 6.719367588932806390e-02 8.577075098814229692e-01
5.612648221343873312e-01 5.928853754940711235e-02 8.735177865612647752e-01
5.533596837944664282e-01 5.138339920948616774e-02 8.893280632411066922e-01
5.454545454545454142e-01 4.347826086956521618e-02 9.051383399209486091e-01
5.375494071146245112e-01 3.557312252964427157e-02 9.209486166007905261e-01
5.296442687747036082e-01 2.766798418972332002e-02 9.367588932806324431e-01
5.217391304347825942e-01 1.976284584980237194e-02 9.525691699604743601e-01
5.138339920948616912e-01 1.185770750988142212e-02 9.683794466403161660e-01
5.059288537549406772e-01 3.952569169960474041e-03 9.841897233201580830e-01
4.980237154150197743e-01 0.000000000000000000e+00 1.000000000000000000e+00
4.901185770750988158e-01 7.905138339920948082e-03 9.920948616600790970e-01
4.822134387351778573e-01 1.581027667984189616e-02 9.841897233201580830e-01
4.743083003952568988e-01 2.371541501976284425e-02 9.762845849802371800e-01
4.664031620553359958e-01 3.162055335968379233e-02 9.683794466403161660e-01
4.584980237154150373e-01 3.952569169960474388e-02 9.604743083003952631e-01
4.505928853754940788e-01 4.743083003952568849e-02 9.525691699604743601e-01
4.426877470355731203e-01 5.533596837944664004e-02 9.446640316205533461e-01
4.347826086956521618e-01 6.324110671936758465e-02 9.367588932806324431e-01
4.268774703557312034e-01 7.114624505928854314e-02 9.288537549407114291e-01
4.189723320158103004e-01 7.905138339920948776e-02 9.209486166007905261e-01
4.110671936758893419e-01 8.695652173913043237e-02 9.130434782608695121e-01
4.031620553359683834e-01 9.486166007905137698e-02 9.051383399209486091e-01
3.952569169960474249e-01 1.027667984189723355e-01 8.972332015810277062e-01
3.873517786561264664e-01 1.106719367588932801e-01 8.893280632411066922e-01
3.794466403162055079e-01 1.185770750988142247e-01 8.814229249011857892e-01
3.715415019762846049e-01 1.264822134387351693e-01 8.735177865612647752e-01
3.636363636363636465e-01 1.343873517786561278e-01 8.656126482213438722e-01
3.557312252964426880e-01 1.422924901185770863e-01 8.577075098814229692e-01
3.478260869565217295e-01 1.501976284584980170e-01 8.498023715415019552e-01
3.399209486166007710e-01 1.581027667984189755e-01 8.418972332015810522e-01
3.320158102766798680e-01 1.660079051383399340e-01 8.339920948616600382e-01
3.241106719367589095e-01 1.739130434782608647e-01 8.260869565217391353e-01
3.162055335968379510e-01 1.818181818181818232e-01 8.181818181818182323e-01
3.083003952569169925e-01 1.897233201581027540e-01 8.102766798418972183e-01
3.003952569169960340e-01 1.976284584980237125e-01 8.023715415019763153e-01
2.924901185770750756e-01 2.055335968379446709e-01 7.944664031620553013e-01
2.845849802371541726e-01 2.134387351778656017e-01 7.865612648221343983e-01
2.766798418972332141e-01 2.213438735177865602e-01 7.786561264822133843e-01
2.687747035573122556e-01 2.292490118577075187e-01 7.707509881422924813e-01
2.608695652173912971e-01 2.371541501976284494e-01 7.628458498023715784e-01
2.529644268774703386e-01 2.450592885375494079e-01 7.549407114624505644e-01
2.490118577075098871e-01 2.490118577075098871e-01 7.509881422924901129e-01
2.411067193675889286e-01 2.569169960474308456e-01 7.430830039525692099e-01
2.332015810276679979e-01 2.648221343873518041e-01 7.351778656126481959e-01
2.252964426877470394e-01 2.727272727272727071e-01 7.272727272727272929e-01
2.173913043478260809e-01 2.806324110671936656e-01 7.193675889328062789e-01
2.094861660079051502e-01 2.885375494071146241e-01 7.114624505928853759e-01
2.015810276679841917e-01 2.964426877470355826e-01 7.035573122529644730e-01
1.936758893280632332e-01 3.043478260869565410e-01 6.956521739130434590e-01
1.857707509881423025e-01 3.122529644268774440e-01 6.877470355731225560e-01
1.778656126482213440e-01 3.201581027667984025e-01 6.798418972332015420e-01
1.699604743083003855e-01 3.280632411067193610e-01 6.719367588932806390e-01
1.620553359683794548e-01 3.359683794466403195e-01 6.640316205533597360e-01
1.541501976284584963e-01 3.438735177865612780e-01 6.561264822134387220e-01
1.462450592885375378e-01 3.517786561264822365e-01 6.482213438735178190e-01
1.383399209486166070e-01 3.596837944664031395e-01 6.403162055335968050e-01
1.304347826086956486e-01 3.675889328063240979e-01 6.324110671936759021e-01
1.225296442687747039e-01 3.754940711462450564e-01 6.245059288537548881e-01
1.146245059288537593e-01 3.833992094861660149e-01 6.166007905138339851e-01
1.067193675889328008e-01 3.913043478260869734e-01 6.086956521739130821e-01
9.881422924901185623e-02 3.992094861660079319e-01 6.007905138339920681e-01
9.090909090909091161e-02 4.071146245059288349e-01 5.928853754940711651e-01
8.300395256916996700e-02 4.150197628458497934e-01 5.849802371541501511e-01
7.509881422924900851e-02 4.229249011857707519e-01 5.770750988142292481e-01
6.719367588932806390e-02 4.308300395256917104e-01 5.691699604743083452e-01
5.928853754940711235e-02 4.387351778656126688e-01 5.612648221343873312e-01
5.138339920948616774e-02 4.466403162055335718e-01 5.533596837944664282e-01
4.347826086956521618e-02 4.545454545454545303e-01 5.454545454545454142e-01
3.557312252964427157e-02 4.624505928853754888e-01 5.375494071146245112e-01
2.766798418972332002e-02 4.703557312252964473e-01 5.296442687747036082e-01
1.976284584980237194e-02 4.782608695652174058e-01 5.217391304347825942e-01
1.185770750988142212e-02 4.861660079051383643e-01 5.138339920948616912e-01
3.952569169960474041e-03 4.940711462450592673e-01 5.059288537549406772e-01
0.000000000000000000e+00 5.019762845849802257e-01 4.980237154150197743e-01
0.000000000000000000e+00 4.940711462450592673e-01 4.901185770750988158e-01
0.000000000000000000e+00 4.861660079051383643e-01 4.822134387351778573e-01
0.000000000000000000e+00 4.782608695652174058e-01 4.743083003952568988e-01
0.000000000000000000e+00 4.703557312252964473e-01 4.664031620553359958e-01
0.000000000000000000e+00 4.624505928853754888e-01 4.584980237154150373e-01
0.000000000000000000e+00 4.545454545454545303e-01 4.505928853754940788e-01
0.000000000000000000e+00 4.466403162055335718e-01 4.426877470355731203e-01
0.000000000000000000e+00 4.387351778656126688e-01 4.347826086956521618e-01
0.000000000000000000e+00 4.308300395256917104e-01 4.268774703557312034e-01
0.000000000000000000e+00 4.229249011857707519e-01 4.189723320158103004e-01
0.000000000000000000e+00 4.150197628458497934e-01 4.110671936758893419e-01
0.000000000000000000e+00 4.071146245059288349e-01 4.031620553359683834e-01
0.000000000000000000e+00 3.992094861660079319e-01 3.952569169960474249e-01
0.000000000000000000e+00 3.913043478260869734e-01 3.873517786561264664e-01
0.000000000000000000e+00 3.833992094861660149e-01 3.794466403162055079e-01
0.000000000000000000e+00 3.754940711462450564e-01 3.715415019762846049e-01
0.000000000000000000e+00 3.675889328063240979e-01 3.636363636363636465e-01
0.000000000000000000e+00 3.596837944664031395e-01 3.557312252964426880e-01
0.000000000000000000e+00 3.517786561264822365e-01 3.478260869565217295e-01
0.000000000000000000e+00 3.438735177865612780e-01 3.399209486166007710e-01
0.000000000000000000e+00 3.359683794466403195e-01 3.320158102766798680e-01
0.000000000000000000e+00 3.280632411067193610e-01 3.241106719367589095e-01
0.000000000000000000e+00 3.201581027667984025e-01 3.162055335968379510e-01
0.000000000000000000e+00 3.122529644268774440e-01 3.083003952569169925e-01
0.000000000000000000e+00 3.043478260869565410e-01 3.003952569169960340e-01
0.000000000000000000e+00 2.964426877470355826e-01 2.924901185770750756e-01
0.000000000000000000e+00 2.885375494071146241e-01 2.845849802371541726e-01
0.000000000000000000e+00 2.806324110671936656e-01 2.766798418972332141e-01
0.000000000000000000e+00 2.727272727272727071e-01 2.687747035573122556e-01
0.000000000000000000e+00 2.648221343873518041e-01 2.608695652173912971e-01
0.000000000000000000e+00 2.569169960474308456e-01 2.529644268774703386e-01
0.000000000000000000e+00 2.490118577075098871e-01 2.490118577075098871e-01
0.000000000000000000e+00 2.450592885375494079e-01 2.411067193675889286e-01
0.000000000000000000e+00 2.371541501976284494e-01 2.332015810276679979e-01
0.000000000000000000e+00 2.292490118577075187e-01 2.252964426877470394e-01
0.000000000000000000e+00 2.213438735177865602e-01 2.173913043478260809e-01
0.000000000000000000e+00 2.134387351778656017e-01 2.094861660079051502e-01
0.000000000000000000e+00 2.055335968379446709e-01 2.015810276679841917e-01
0.000000000000000000e+00 1.976284584980237125e-01 1.936758893280632332e-01
0.000000000000000000e+00 1.897233201581027540e-01 1.857707509881423025e-01
0.000000000000000000e+00 1.818181818181818232e-01 1.778656126482213440e-01
0.000000000000000000e+00 1.739130434782608647e-01 1.699604743083003855e-01
0.000000000000000000e+00 1.660079051383399340e-01 1.620553359683794548e-01
0.000000000000000000e+00 1.581027667984189755e-01 1.541501976284584963e-01
0.000000000000000000e+00 1.501976284584980170e-01 1.462450592885375378e-01
0.000000000000000000e+00 1.422924901185770863e-01 1.383399209486166070e-01
0.000000000000000000e+00 1.343873517786561278e-01 1.304347826086956486e-01
0.000000000000000000e+00 1.264822134387351693e-01 1.225296442687747039e-01
0.000000000000000000e+00 1.185770750988142247e-01 1.146245059288537593e-01
0.000000000000000000e+00 1.106719367588932801e-01 1.067193675889328008e-01
0.000000000000000000e+00 1.027667984189723355e-01 9.881422924901185623e-02
0.000000000000000000e+00 9.486166007905137698e-02 9.090909090909091161e-02
0.000000000000000000e+00 8.695652173913043237e-02 8.300395256916996700e-02
0.000000000000000000e+00 7.905138339920948776e-02 7.509881422924900851e-02
0.000000000000000000e+00 7.114624505928854314e-02 6.719367588932806390e-02
0.000000000000000000e+00 6.324110671936758465e-02 5.928853754940711235e-02
0.000000000000000000e+00 5.533596837944664004e-02 5.138339920948616774e-02
0.000000000000000000e+00 4.743083003952568849e-02 4.347826086956521618e-02
0.000000000000000000e+00 3.952569169960474388e-02 3.557312252964427157e-02
0.000000000000000000e+00 3.162055335968379233e-02 2.766798418972332002e-02
0.000000000000000000e+00 2.371541501976284425e-02 1.976284584980237194e-02
0.000000000000000000e+00 1.581027667984189616e-02 1.185770750988142212e-02
0.000000000000000000e+00 7.905138339920948082e-03 3.952569169960474041e-03
0.000000000000000000e+00 7.905138339920948082e-03 3.952569169960474041e-03
