9.921259842519685179e-01 1.000000000000000000e+00 6.456692913385826404e-01
9.842519685039370358e-01 9.960629921259842590e-01 6.299212598425196763e-01
9.803149606299212948e-01 9.921259842519685179e-01 6.181102362204724532e-01
9.724409448818898127e-01 9.881889763779527769e-01 6.023622047244094890e-01
9.685039370078739607e-01 9.842519685039370358e-01 5.866141732283464139e-01
9.645669291338582196e-01 9.763779527559055538e-01 5.708661417322834497e-01
9.606299212598424786e-01 9.724409448818898127e-01 5.551181102362204856e-01
9.566929133858267376e-01 9.685039370078739607e-01 5.393700787401575214e-01
9.527559055118109965e-01 9.606299212598424786e-01 5.236220472440944462e-01
9.527559055118109965e-01 9.566929133858267376e-01 5.078740157480314821e-01
9.488188976377952555e-01 9.527559055118109965e-01 4.921259842519685179e-01
9.488188976377952555e-01 9.448818897637795144e-01 4.763779527559054983e-01
9.488188976377952555e-01 9.370078740157480324e-01 4.566929133858267931e-01
9.488188976377952555e-01 9.330708661417322913e-01 4.409448818897637734e-01
9.488188976377952555e-01 9.251968503937008093e-01 4.251968503937008093e-01
9.488188976377952555e-01 9.173228346456693272e-01 4.094488188976377896e-01
9.488188976377952555e-01 9.133858267716535861e-01 3.937007874015748254e-01
9.527559055118109965e-01 9.055118110236219930e-01 3.779527559055118058e-01
9.527559055118109965e-01 8.976377952755905110e-01 3.661417322834645827e-01
9.566929133858267376e-01 8.897637795275590289e-01 3.503937007874015630e-01
9.566929133858267376e-01 8.818897637795275468e-01 3.385826771653543399e-01
9.566929133858267376e-01 8.740157480314960647e-01 3.228346456692913202e-01
9.606299212598424786e-01 8.661417322834645827e-01 3.110236220472440971e-01
9.606299212598424786e-01 8.622047244094488416e-01 2.952755905511810774e-01
9.645669291338582196e-01 8.543307086614173596e-01 2.834645669291338543e-01
9.645669291338582196e-01 8.464566929133858775e-01 2.716535433070866312e-01
9.685039370078739607e-01 8.385826771653542844e-01 2.598425196850393526e-01
9.685039370078739607e-01 8.307086614173228023e-01 2.480314960629921295e-01
9.724409448818898127e-01 8.228346456692913202e-01 2.362204724409448786e-01
9.724409448818898127e-01 8.149606299212598381e-01 2.283464566929133965e-01
9.763779527559055538e-01 8.070866141732283561e-01 2.165354330708661457e-01
9.763779527559055538e-01 7.992125984251968740e-01 2.047244094488188948e-01
9.763779527559055538e-01 7.913385826771653919e-01 1.929133858267716439e-01
9.803149606299212948e-01 7.834645669291339098e-01 1.850393700787401619e-01
9.803149606299212948e-01 7.755905511811023167e-01 1.732283464566929110e-01
9.803149606299212948e-01 7.677165354330708347e-01 1.653543307086614289e-01
9.842519685039370358e-01 7.598425196850393526e-01 1.574803149606299191e-01
9.842519685039370358e-01 7.519685039370078705e-01 1.456692913385826682e-01
9.842519685039370358e-01 7.440944881889763884e-01 1.377952755905511861e-01
9.842519685039370358e-01 7.362204724409449064e-01 1.299212598425196763e-01
9.881889763779527769e-01 7.283464566929134243e-01 1.181102362204724393e-01
9.881889763779527769e-01 7.204724409448819422e-01 1.102362204724409434e-01
9.881889763779527769e-01 7.125984251968503491e-01 1.023622047244094474e-01
9.881889763779527769e-01 7.047244094488188670e-01 9.448818897637795144e-02
9.881889763779527769e-01 6.968503937007873850e-01 8.661417322834645549e-02
9.881889763779527769e-01 6.929133858267716439e-01 7.874015748031495954e-02
9.881889763779527769e-01 6.850393700787401619e-01 7.086614173228346358e-02
9.881889763779527769e-01 6.771653543307086798e-01 6.299212598425196763e-02
9.881889763779527769e-01 6.692913385826771977e-01 5.511811023622047168e-02
9.881889763779527769e-01 6.614173228346457156e-01 5.118110236220472370e-02
9.881889763779527769e-01 6.535433070866141225e-01 4.330708661417322775e-02
9.881889763779527769e-01 6.456692913385826404e-01 3.937007874015747977e-02
9.881889763779527769e-01 6.377952755905511584e-01 3.149606299212598381e-02
9.881889763779527769e-01 6.299212598425196763e-01 2.755905511811023584e-02
9.881889763779527769e-01 6.220472440944881942e-01 2.755905511811023584e-02
9.881889763779527769e-01 6.181102362204724532e-01 2.362204724409448786e-02
9.881889763779527769e-01 6.102362204724409711e-01 2.362204724409448786e-02
9.881889763779527769e-01 6.023622047244094890e-01 2.362204724409448786e-02
9.842519685039370358e-01 5.944881889763780070e-01 2.362204724409448786e-02
9.842519685039370358e-01 5.866141732283464139e-01 2.362204724409448786e-02
9.842519685039370358e-01 5.787401574803149318e-01 2.362204724409448786e-02
9.842519685039370358e-01 5.708661417322834497e-01 2.755905511811023584e-02
9.803149606299212948e-01 5.669291338582677087e-01 3.149606299212598381e-02
9.803149606299212948e-01 5.590551181102362266e-01 3.149606299212598381e-02
9.803149606299212948e-01 5.511811023622047445e-01 3.543307086614173179e-02
9.763779527559055538e-01 5.433070866141732624e-01 4.330708661417322775e-02
9.763779527559055538e-01 5.354330708661417804e-01 4.724409448818897572e-02
9.763779527559055538e-01 5.314960629921260393e-01 5.118110236220472370e-02
9.724409448818898127e-01 5.236220472440944462e-01 5.511811023622047168e-02
9.724409448818898127e-01 5.157480314960629642e-01 6.299212598425196763e-02
9.685039370078739607e-01 5.078740157480314821e-01 6.692913385826772255e-02
9.685039370078739607e-01 5.039370078740157410e-01 7.086614173228346358e-02
9.645669291338582196e-01 4.960629921259842590e-01 7.874015748031495954e-02
9.645669291338582196e-01 4.881889763779527769e-01 8.267716535433071445e-02
9.606299212598424786e-01 4.803149606299212393e-01 8.661417322834645549e-02
9.566929133858267376e-01 4.763779527559054983e-01 9.448818897637795144e-02
9.566929133858267376e-01 4.685039370078740162e-01 9.842519685039370636e-02
9.527559055118109965e-01 4.606299212598425341e-01 1.023622047244094474e-01
9.527559055118109965e-01 4.566929133858267931e-01 1.102362204724409434e-01
9.488188976377952555e-01 4.488188976377952555e-01 1.141732283464566983e-01
9.448818897637795144e-01 4.409448818897637734e-01 1.181102362204724393e-01
9.448818897637795144e-01 4.370078740157480324e-01 1.220472440944881942e-01
9.409448818897637734e-01 4.291338582677165503e-01 1.299212598425196763e-01
9.370078740157480324e-01 4.251968503937008093e-01 1.338582677165354451e-01
9.330708661417322913e-01 4.173228346456692717e-01 1.377952755905511861e-01
9.330708661417322913e-01 4.094488188976377896e-01 1.456692913385826682e-01
9.291338582677165503e-01 4.055118110236220486e-01 1.496062992125984370e-01
9.251968503937008093e-01 3.976377952755905665e-01 1.535433070866141780e-01
9.212598425196850682e-01 3.937007874015748254e-01 1.574803149606299191e-01
9.173228346456693272e-01 3.858267716535432879e-01 1.653543307086614289e-01
9.133858267716535861e-01 3.818897637795275468e-01 1.692913385826771699e-01
9.094488188976378451e-01 3.740157480314960647e-01 1.732283464566929110e-01
9.055118110236219930e-01 3.700787401574803237e-01 1.771653543307086520e-01
9.055118110236219930e-01 3.622047244094488416e-01 1.811023622047244208e-01
9.015748031496062520e-01 3.582677165354330451e-01 1.889763779527559029e-01
8.976377952755905110e-01 3.543307086614173040e-01 1.929133858267716439e-01
8.937007874015747699e-01 3.464566929133858220e-01 1.968503937007874127e-01
8.897637795275590289e-01 3.425196850393700809e-01 2.007874015748031538e-01
8.818897637795275468e-01 3.385826771653543399e-01 2.047244094488188948e-01
8.779527559055118058e-01 3.307086614173228578e-01 2.125984251968504046e-01
8.740157480314960647e-01 3.267716535433070613e-01 2.165354330708661457e-01
8.700787401574803237e-01 3.228346456692913202e-01 2.204724409448818867e-01
8.661417322834645827e-01 3.149606299212598381e-01 2.244094488188976277e-01
8.622047244094488416e-01 3.110236220472440971e-01 2.283464566929133965e-01
8.582677165354331006e-01 3.070866141732283561e-01 2.322834645669291376e-01
8.543307086614173596e-01 3.031496062992126150e-01 2.401574803149606196e-01
8.464566929133858775e-01 2.952755905511810774e-01 2.440944881889763884e-01
8.425196850393700254e-01 2.913385826771653364e-01 2.480314960629921295e-01
8.385826771653542844e-01 2.874015748031495954e-01 2.519685039370078705e-01
8.346456692913385433e-01 2.834645669291338543e-01 2.559055118110236116e-01
8.267716535433070613e-01 2.795275590551181133e-01 2.598425196850393526e-01
8.228346456692913202e-01 2.755905511811023723e-01 2.637795275590550936e-01
8.188976377952755792e-01 2.716535433070866312e-01 2.677165354330708902e-01
8.149606299212598381e-01 2.677165354330708902e-01 2.755905511811023723e-01
8.070866141732283561e-01 2.598425196850393526e-01 2.795275590551181133e-01
8.031496062992126150e-01 2.559055118110236116e-01 2.834645669291338543e-01
7.992125984251968740e-01 2.519685039370078705e-01 2.874015748031495954e-01
7.913385826771653919e-01 2.480314960629921295e-01 2.913385826771653364e-01
7.874015748031496509e-01 2.440944881889763884e-01 2.952755905511810774e-01
7.834645669291339098e-01 2.440944881889763884e-01 2.992125984251968740e-01
7.755905511811023167e-01 2.401574803149606196e-01 3.031496062992126150e-01
7.716535433070865757e-01 2.362204724409448786e-01 3.070866141732283561e-01
7.637795275590550936e-01 2.322834645669291376e-01 3.110236220472440971e-01
7.598425196850393526e-01 2.283464566929133965e-01 3.149606299212598381e-01
7.519685039370078705e-01 2.244094488188976277e-01 3.188976377952755792e-01
7.480314960629921295e-01 2.204724409448818867e-01 3.228346456692913202e-01
7.440944881889763884e-01 2.165354330708661457e-01 3.267716535433070613e-01
7.362204724409449064e-01 2.165354330708661457e-01 3.307086614173228578e-01
7.322834645669291653e-01 2.125984251968504046e-01 3.346456692913385988e-01
7.244094488188976833e-01 2.086614173228346358e-01 3.385826771653543399e-01
7.204724409448819422e-01 2.047244094488188948e-01 3.385826771653543399e-01
7.125984251968503491e-01 2.007874015748031538e-01 3.425196850393700809e-01
7.086614173228346081e-01 2.007874015748031538e-01 3.464566929133858220e-01
7.007874015748031260e-01 1.968503937007874127e-01 3.503937007874015630e-01
6.968503937007873850e-01 1.929133858267716439e-01 3.543307086614173040e-01
6.889763779527559029e-01 1.929133858267716439e-01 3.582677165354330451e-01
6.850393700787401619e-01 1.889763779527559029e-01 3.582677165354330451e-01
6.771653543307086798e-01 1.850393700787401619e-01 3.622047244094488416e-01
6.732283464566929387e-01 1.811023622047244208e-01 3.661417322834645827e-01
6.653543307086614567e-01 1.811023622047244208e-01 3.700787401574803237e-01
6.574803149606299746e-01 1.771653543307086520e-01 3.740157480314960647e-01
6.535433070866141225e-01 1.732283464566929110e-01 3.740157480314960647e-01
6.456692913385826404e-01 1.732283464566929110e-01 3.779527559055118058e-01
6.417322834645668994e-01 1.692913385826771699e-01 3.818897637795275468e-01
6.338582677165354173e-01 1.692913385826771699e-01 3.818897637795275468e-01
6.299212598425196763e-01 1.653543307086614289e-01 3.858267716535432879e-01
6.220472440944881942e-01 1.614173228346456601e-01 3.897637795275590289e-01
6.141732283464567121e-01 1.614173228346456601e-01 3.897637795275590289e-01
6.102362204724409711e-01 1.574803149606299191e-01 3.937007874015748254e-01
6.023622047244094890e-01 1.574803149606299191e-01 3.937007874015748254e-01
5.984251968503937480e-01 1.535433070866141780e-01 3.976377952755905665e-01
5.905511811023621549e-01 1.496062992125984370e-01 4.015748031496063075e-01
5.866141732283464139e-01 1.496062992125984370e-01 4.015748031496063075e-01
5.787401574803149318e-01 1.456692913385826682e-01 4.055118110236220486e-01
5.708661417322834497e-01 1.456692913385826682e-01 4.055118110236220486e-01
5.669291338582677087e-01 1.417322834645669272e-01 4.094488188976377896e-01
5.590551181102362266e-01 1.417322834645669272e-01 4.094488188976377896e-01
5.551181102362204856e-01 1.377952755905511861e-01 4.133858267716535306e-01
5.472440944881890035e-01 1.338582677165354451e-01 4.133858267716535306e-01
5.393700787401575214e-01 1.338582677165354451e-01 4.133858267716535306e-01
5.354330708661417804e-01 1.299212598425196763e-01 4.173228346456692717e-01
5.275590551181101873e-01 1.299212598425196763e-01 4.173228346456692717e-01
5.236220472440944462e-01 1.259842519685039353e-01 4.173228346456692717e-01
5.157480314960629642e-01 1.259842519685039353e-01 4.212598425196850127e-01
5.078740157480314821e-01 1.220472440944881942e-01 4.212598425196850127e-01
5.039370078740157410e-01 1.220472440944881942e-01 4.212598425196850127e-01
4.960629921259842590e-01 1.181102362204724393e-01 4.251968503937008093e-01
4.921259842519685179e-01 1.141732283464566983e-01 4.251968503937008093e-01
4.842519685039369803e-01 1.141732283464566983e-01 4.251968503937008093e-01
4.803149606299212393e-01 1.102362204724409434e-01 4.291338582677165503e-01
4.724409448818897572e-01 1.102362204724409434e-01 4.291338582677165503e-01
4.645669291338582751e-01 1.062992125984252023e-01 4.291338582677165503e-01
4.606299212598425341e-01 1.062992125984252023e-01 4.291338582677165503e-01
4.527559055118109965e-01 1.023622047244094474e-01 4.291338582677165503e-01
4.488188976377952555e-01 9.842519685039370636e-02 4.291338582677165503e-01
4.409448818897637734e-01 9.842519685039370636e-02 4.330708661417322913e-01
4.330708661417322913e-01 9.448818897637795144e-02 4.330708661417322913e-01
4.291338582677165503e-01 9.448818897637795144e-02 4.330708661417322913e-01
4.212598425196850127e-01 9.055118110236221041e-02 4.330708661417322913e-01
4.173228346456692717e-01 9.055118110236221041e-02 4.330708661417322913e-01
4.094488188976377896e-01 8.661417322834645549e-02 4.330708661417322913e-01
4.015748031496063075e-01 8.267716535433071445e-02 4.330708661417322913e-01
3.976377952755905665e-01 8.267716535433071445e-02 4.330708661417322913e-01
3.897637795275590289e-01 7.874015748031495954e-02 4.330708661417322913e-01
3.858267716535432879e-01 7.874015748031495954e-02 4.330708661417322913e-01
3.779527559055118058e-01 7.480314960629921850e-02 4.330708661417322913e-01
3.740157480314960647e-01 7.086614173228346358e-02 4.330708661417322913e-01
3.661417322834645827e-01 7.086614173228346358e-02 4.330708661417322913e-01
3.582677165354330451e-01 6.692913385826772255e-02 4.330708661417322913e-01
3.543307086614173040e-01 6.692913385826772255e-02 4.291338582677165503e-01
3.464566929133858220e-01 6.299212598425196763e-02 4.291338582677165503e-01
3.425196850393700809e-01 5.905511811023621965e-02 4.291338582677165503e-01
3.346456692913385988e-01 5.905511811023621965e-02 4.291338582677165503e-01
3.267716535433070613e-01 5.511811023622047168e-02 4.291338582677165503e-01
3.228346456692913202e-01 5.511811023622047168e-02 4.251968503937008093e-01
3.149606299212598381e-01 5.118110236220472370e-02 4.251968503937008093e-01
3.110236220472440971e-01 5.118110236220472370e-02 4.251968503937008093e-01
3.031496062992126150e-01 4.724409448818897572e-02 4.212598425196850127e-01
2.952755905511810774e-01 4.724409448818897572e-02 4.212598425196850127e-01
2.913385826771653364e-01 4.330708661417322775e-02 4.173228346456692717e-01
2.834645669291338543e-01 4.330708661417322775e-02 4.173228346456692717e-01
2.755905511811023723e-01 3.937007874015747977e-02 4.133858267716535306e-01
2.716535433070866312e-01 3.937007874015747977e-02 4.133858267716535306e-01
2.637795275590550936e-01 3.937007874015747977e-02 4.094488188976377896e-01
2.559055118110236116e-01 3.543307086614173179e-02 4.055118110236220486e-01
2.519685039370078705e-01 3.543307086614173179e-02 4.015748031496063075e-01
2.440944881889763884e-01 3.543307086614173179e-02 4.015748031496063075e-01
2.362204724409448786e-01 3.543307086614173179e-02 3.976377952755905665e-01
2.322834645669291376e-01 3.543307086614173179e-02 3.937007874015748254e-01
2.244094488188976277e-01 3.543307086614173179e-02 3.858267716535432879e-01
2.165354330708661457e-01 3.543307086614173179e-02 3.818897637795275468e-01
2.086614173228346358e-01 3.543307086614173179e-02 3.779527559055118058e-01
2.047244094488188948e-01 3.543307086614173179e-02 3.740157480314960647e-01
1.968503937007874127e-01 3.543307086614173179e-02 3.661417322834645827e-01
1.889763779527559029e-01 3.937007874015747977e-02 3.622047244094488416e-01
1.811023622047244208e-01 3.937007874015747977e-02 3.543307086614173040e-01
1.771653543307086520e-01 3.937007874015747977e-02 3.464566929133858220e-01
1.692913385826771699e-01 3.937007874015747977e-02 3.385826771653543399e-01
1.614173228346456601e-01 4.330708661417322775e-02 3.307086614173228578e-01
1.535433070866141780e-01 4.330708661417322775e-02 3.228346456692913202e-01
1.496062992125984370e-01 4.330708661417322775e-02 3.149606299212598381e-01
1.417322834645669272e-01 4.330708661417322775e-02 3.070866141732283561e-01
1.338582677165354451e-01 4.330708661417322775e-02 2.992125984251968740e-01
1.259842519685039353e-01 4.724409448818897572e-02 2.913385826771653364e-01
1.220472440944881942e-01 4.724409448818897572e-02 2.795275590551181133e-01
1.141732283464566983e-01 4.724409448818897572e-02 2.716535433070866312e-01
1.102362204724409434e-01 4.724409448818897572e-02 2.637795275590550936e-01
1.023622047244094474e-01 4.330708661417322775e-02 2.519685039370078705e-01
9.842519685039370636e-02 4.330708661417322775e-02 2.440944881889763884e-01
9.055118110236221041e-02 4.330708661417322775e-02 2.322834645669291376e-01
8.661417322834645549e-02 4.330708661417322775e-02 2.244094488188976277e-01
7.874015748031495954e-02 4.330708661417322775e-02 2.125984251968504046e-01
7.480314960629921850e-02 3.937007874015747977e-02 2.047244094488188948e-01
7.086614173228346358e-02 3.937007874015747977e-02 1.968503937007874127e-01
6.299212598425196763e-02 3.543307086614173179e-02 1.850393700787401619e-01
5.905511811023621965e-02 3.543307086614173179e-02 1.771653543307086520e-01
5.511811023622047168e-02 3.149606299212598381e-02 1.653543307086614289e-01
5.118110236220472370e-02 3.149606299212598381e-02 1.574803149606299191e-01
4.330708661417322775e-02 2.755905511811023584e-02 1.496062992125984370e-01
3.937007874015747977e-02 2.755905511811023584e-02 1.377952755905511861e-01
3.543307086614173179e-02 2.362204724409448786e-02 1.299212598425196763e-01
3.149606299212598381e-02 2.362204724409448786e-02 1.220472440944881942e-01
2.755905511811023584e-02 1.968503937007873988e-02 1.141732283464566983e-01
2.362204724409448786e-02 1.574803149606299191e-02 1.062992125984252023e-01
1.968503937007873988e-02 1.574803149606299191e-02 9.448818897637795144e-02
1.574803149606299191e-02 1.181102362204724393e-02 8.661417322834645549e-02
1.574803149606299191e-02 1.181102362204724393e-02 7.874015748031495954e-02
1.181102362204724393e-02 7.874015748031495954e-03 7.086614173228346358e-02
7.874015748031495954e-03 7.874015748031495954e-03 6.299212598425196763e-02
7.874015748031495954e-03 3.937007874015747977e-03 5.511811023622047168e-02
3.937007874015747977e-03 3.937007874015747977e-03 4.330708661417322775e-02
3.937007874015747977e-03 3.937007874015747977e-03 3.543307086614173179e-02
3.937007874015747977e-03 0.000000000000000000e+00 2.755905511811023584e-02
0.000000000000000000e+00 0.000000000000000000e+00 2.362204724409448786e-02
0.000000000000000000e+00 0.000000000000000000e+00 1.574803149606299191e-02
0.000000000000000000e+00 0.000000000000000000e+00 1.181102362204724393e-02
