1.000000000000000000e+00 1.000000000000000000e+00 1.000000000000000000e+00
1.000000000000000000e+00 1.000000000000000000e+00 1.000000000000000000e+00
1.000000000000000000e+00 1.000000000000000000e+00 1.000000000000000000e+00
1.000000000000000000e+00 1.000000000000000000e+00 1.000000000000000000e+00
1.000000000000000000e+00 1.000000000000000000e+00 1.000000000000000000e+00
1.000000000000000000e+00 1.000000000000000000e+00 1.000000000000000000e+00
1.000000000000000000e+00 1.000000000000000000e+00 1.000000000000000000e+00
1.000000000000000000e+00 1.000000000000000000e+00 1.000000000000000000e+00
1.000000000000000000e+00 1.000000000000000000e+00 1.000000000000000000e+00
1.000000000000000000e+00 1.000000000000000000e+00 1.000000000000000000e+00
1.000000000000000000e+00 1.000000000000000000e+00 1.000000000000000000e+00
1.000000000000000000e+00 1.000000000000000000e+00 1.000000000000000000e+00
1.000000000000000000e+00 1.000000000000000000e+00 1.000000000000000000e+00
1.000000000000000000e+00 1.000000000000000000e+00 1.000000000000000000e+00
1.000000000000000000e+00 1.000000000000000000e+00 1.000000000000000000e+00
1.000000000000000000e+00 1.000000000000000000e+00 1.000000000000000000e+00
1.000000000000000000e+00 9.881422924901185345e-01 9.407114624505928946e-01
1.000000000000000000e+00 9.723320158102767286e-01 8.774703557312253377e-01
1.000000000000000000e+00 9.565217391304348116e-01 8.142292490118576698e-01
1.000000000000000000e+00 9.407114624505928946e-01 7.509881422924901129e-01
1.000000000000000000e+00 9.249011857707509776e-01 6.916996047430830075e-01
1.000000000000000000e+00 9.090909090909090606e-01 6.284584980237154506e-01
1.000000000000000000e+00 8.932806324110671437e-01 5.652173913043477826e-01
1.000000000000000000e+00 8.774703557312253377e-01 5.019762845849802257e-01
1.000000000000000000e+00 8.616600790513834207e-01 4.387351778656126688e-01
1.000000000000000000e+00 8.458498023715415037e-01 3.754940711462450564e-01
1.000000000000000000e+00 8.300395256916995868e-01 3.122529644268774440e-01
1.000000000000000000e+00 8.142292490118576698e-01 2.490118577075098871e-01
1.000000000000000000e+00 7.984189723320158638e-01 1.897233201581027540e-01
1.000000000000000000e+00 7.826086956521739468e-01 1.264822134387351693e-01
1.000000000000000000e+00 7.667984189723320299e-01 6.324110671936758465e-02
1.000000000000000000e+00 7.509881422924901129e-01 0.000000000000000000e+00
9.841897233201580830e-01 7.391304347826086474e-01 0.000000000000000000e+00
9.723320158102767286e-01 7.233201581027668414e-01 0.000000000000000000e+00
9.565217391304348116e-01 7.075098814229249244e-01 0.000000000000000000e+00
9.407114624505928946e-01 6.916996047430830075e-01 0.000000000000000000e+00
9.288537549407114291e-01 6.758893280632410905e-01 0.000000000000000000e+00
9.130434782608695121e-01 6.600790513833991735e-01 0.000000000000000000e+00
9.011857707509881577e-01 6.442687747035573675e-01 0.000000000000000000e+00
8.853754940711462407e-01 6.284584980237154506e-01 0.000000000000000000e+00
8.695652173913043237e-01 6.126482213438735336e-01 0.000000000000000000e+00
8.577075098814229692e-01 5.968379446640316166e-01 0.000000000000000000e+00
8.418972332015810522e-01 5.810276679841896996e-01 0.000000000000000000e+00
8.260869565217391353e-01 5.652173913043477826e-01 0.000000000000000000e+00
8.181818181818182323e-01 5.494071146245059767e-01 0.000000000000000000e+00
8.063241106719367668e-01 5.335968379446640597e-01 0.000000000000000000e+00
7.905138339920948498e-01 5.177865612648221427e-01 0.000000000000000000e+00
7.826086956521739468e-01 5.019762845849802257e-01 0.000000000000000000e+00
7.826086956521739468e-01 4.861660079051383643e-01 0.000000000000000000e+00
7.826086956521739468e-01 4.703557312252964473e-01 0.000000000000000000e+00
7.826086956521739468e-01 4.545454545454545303e-01 0.000000000000000000e+00
7.826086956521739468e-01 4.387351778656126688e-01 0.000000000000000000e+00
7.826086956521739468e-01 4.229249011857707519e-01 0.000000000000000000e+00
7.826086956521739468e-01 4.071146245059288349e-01 0.000000000000000000e+00
7.826086956521739468e-01 3.913043478260869734e-01 0.000000000000000000e+00
7.826086956521739468e-01 3.754940711462450564e-01 0.000000000000000000e+00
7.826086956521739468e-01 3.596837944664031395e-01 0.000000000000000000e+00
7.826086956521739468e-01 3.438735177865612780e-01 0.000000000000000000e+00
7.826086956521739468e-01 3.280632411067193610e-01 0.000000000000000000e+00
7.826086956521739468e-01 3.122529644268774440e-01 0.000000000000000000e+00
7.826086956521739468e-01 2.964426877470355826e-01 0.000000000000000000e+00
7.826086956521739468e-01 2.806324110671936656e-01 0.000000000000000000e+00
7.826086956521739468e-01 2.648221343873518041e-01 0.000000000000000000e+00
7.826086956521739468e-01 2.490118577075098871e-01 0.000000000000000000e+00
7.905138339920948498e-01 2.371541501976284494e-01 0.000000000000000000e+00
8.063241106719367668e-01 2.213438735177865602e-01 0.000000000000000000e+00
8.181818181818182323e-01 2.055335968379446709e-01 0.000000000000000000e+00
8.260869565217391353e-01 1.897233201581027540e-01 0.000000000000000000e+00
8.418972332015810522e-01 1.739130434782608647e-01 0.000000000000000000e+00
8.577075098814229692e-01 1.581027667984189755e-01 0.000000000000000000e+00
8.695652173913043237e-01 1.422924901185770863e-01 0.000000000000000000e+00
8.853754940711462407e-01 1.264822134387351693e-01 0.000000000000000000e+00
9.011857707509881577e-01 1.106719367588932801e-01 0.000000000000000000e+00
9.130434782608695121e-01 9.486166007905137698e-02 0.000000000000000000e+00
9.288537549407114291e-01 7.905138339920948776e-02 0.000000000000000000e+00
9.407114624505928946e-01 6.324110671936758465e-02 0.000000000000000000e+00
9.565217391304348116e-01 4.743083003952568849e-02 0.000000000000000000e+00
9.723320158102767286e-01 3.162055335968379233e-02 0.000000000000000000e+00
9.841897233201580830e-01 1.581027667984189616e-02 0.000000000000000000e+00
1.000000000000000000e+00 0.000000000000000000e+00 0.000000000000000000e+00
9.881422924901185345e-01 0.000000000000000000e+00 0.000000000000000000e+00
9.723320158102767286e-01 0.000000000000000000e+00 0.000000000000000000e+00
9.565217391304348116e-01 0.000000000000000000e+00 0.000000000000000000e+00
9.407114624505928946e-01 0.000000000000000000e+00 0.000000000000000000e+00
9.249011857707509776e-01 0.000000000000000000e+00 0.000000000000000000e+00
9.090909090909090606e-01 0.000000000000000000e+00 0.000000000000000000e+00
8.932806324110671437e-01 0.000000000000000000e+00 0.000000000000000000e+00
8.774703557312253377e-01 0.000000000000000000e+00 0.000000000000000000e+00
8.616600790513834207e-01 0.000000000000000000e+00 0.000000000000000000e+00
8.458498023715415037e-01 0.000000000000000000e+00 0.000000000000000000e+00
8.300395256916995868e-01 0.000000000000000000e+00 0.000000000000000000e+00
8.142292490118576698e-01 0.000000000000000000e+00 0.000000000000000000e+00
7.984189723320158638e-01 0.000000000000000000e+00 0.000000000000000000e+00
7.826086956521739468e-01 0.000000000000000000e+00 0.000000000000000000e+00
7.667984189723320299e-01 0.000000000000000000e+00 0.000000000000000000e+00
7.509881422924901129e-01 0.000000000000000000e+00 0.000000000000000000e+00
7.391304347826086474e-01 0.000000000000000000e+00 0.000000000000000000e+00
7.233201581027668414e-01 0.000000000000000000e+00 0.000000000000000000e+00
7.075098814229249244e-01 0.000000000000000000e+00 0.000000000000000000e+00
6.916996047430830075e-01 0.000000000000000000e+00 0.000000000000000000e+00
6.758893280632410905e-01 0.000000000000000000e+00 0.000000000000000000e+00
6.600790513833991735e-01 0.000000000000000000e+00 0.000000000000000000e+00
6.442687747035573675e-01 0.000000000000000000e+00 0.000000000000000000e+00
6.284584980237154506e-01 0.000000000000000000e+00 0.000000000000000000e+00
6.126482213438735336e-01 0.000000000000000000e+00 0.000000000000000000e+00
5.968379446640316166e-01 0.000000000000000000e+00 0.000000000000000000e+00
5.810276679841896996e-01 0.000000000000000000e+00 0.000000000000000000e+00
5.652173913043477826e-01 0.000000000000000000e+00 0.000000000000000000e+00
5.494071146245059767e-01 0.000000000000000000e+00 0.000000000000000000e+00
5.335968379446640597e-01 0.000000000000000000e+00 0.000000000000000000e+00
5.177865612648221427e-01 0.000000000000000000e+00 0.000000000000000000e+00
5.019762845849802257e-01 0.000000000000000000e+00 0.000000000000000000e+00
4.861660079051383643e-01 0.000000000000000000e+00 0.000000000000000000e+00
4.703557312252964473e-01 0.000000000000000000e+00 0.000000000000000000e+00
4.545454545454545303e-01 0.000000000000000000e+00 0.000000000000000000e+00
4.387351778656126688e-01 0.000000000000000000e+00 0.000000000000000000e+00
4.229249011857707519e-01 0.000000000000000000e+00 0.000000000000000000e+00
4.071146245059288349e-01 0.000000000000000000e+00 0.000000000000000000e+00
3.913043478260869734e-01 0.000000000000000000e+00 0.000000000000000000e+00
3.754940711462450564e-01 0.000000000000000000e+00 0.000000000000000000e+00
3.596837944664031395e-01 0.000000000000000000e+00 0.000000000000000000e+00
3.438735177865612780e-01 0.000000000000000000e+00 0.000000000000000000e+00
3.280632411067193610e-01 0.000000000000000000e+00 0.000000000000000000e+00
3.122529644268774440e-01 0.000000000000000000e+00 0.000000000000000000e+00
2.964426877470355826e-01 0.000000000000000000e+00 0.000000000000000000e+00
2.806324110671936656e-01 0.000000000000000000e+00 0.000000000000000000e+00
2.648221343873518041e-01 0.000000000000000000e+00 0.000000000000000000e+00
2.490118577075098871e-01 0.000000000000000000e+00 0.000000000000000000e+00
2.371541501976284494e-01 6.324110671936758465e-02 0.000000000000000000e+00
2.213438735177865602e-01 1.264822134387351693e-01 0.000000000000000000e+00
2.055335968379446709e-01 1.897233201581027540e-01 0.000000000000000000e+00
1.897233201581027540e-01 2.490118577075098871e-01 0.000000000000000000e+00
1.739130434782608647e-01 3.122529644268774440e-01 0.000000000000000000e+00
1.581027667984189755e-01 3.754940711462450564e-01 0.000000000000000000e+00
1.422924901185770863e-01 4.387351778656126688e-01 0.000000000000000000e+00
1.264822134387351693e-01 5.019762845849802257e-01 0.000000000000000000e+00
1.106719367588932801e-01 5.652173913043477826e-01 0.000000000000000000e+00
9.486166007905137698e-02 6.284584980237154506e-01 0.000000000000000000e+00
7.905138339920948776e-02 6.916996047430830075e-01 0.000000000000000000e+00
6.324110671936758465e-02 7.509881422924901129e-01 0.000000000000000000e+00
4.743083003952568849e-02 8.142292490118576698e-01 0.000000000000000000e+00
3.162055335968379233e-02 8.774703557312253377e-01 0.000000000000000000e+00
1.581027667984189616e-02 9.407114624505928946e-01 0.000000000000000000e+00
0.000000000000000000e+00 1.000000000000000000e+00 0.000000000000000000e+00
0.000000000000000000e+00 9.881422924901185345e-01 0.000000000000000000e+00
0.000000000000000000e+00 9.723320158102767286e-01 0.000000000000000000e+00
0.000000000000000000e+00 9.565217391304348116e-01 0.000000000000000000e+00
0.000000000000000000e+00 9.407114624505928946e-01 0.000000000000000000e+00
0.000000000000000000e+00 9.249011857707509776e-01 0.000000000000000000e+00
0.000000000000000000e+00 9.090909090909090606e-01 0.000000000000000000e+00
0.000000000000000000e+00 8.932806324110671437e-01 0.000000000000000000e+00
0.000000000000000000e+00 8.774703557312253377e-01 0.000000000000000000e+00
0.000000000000000000e+00 8.616600790513834207e-01 0.000000000000000000e+00
0.000000000000000000e+00 8.458498023715415037e-01 0.000000000000000000e+00
0.000000000000000000e+00 8.300395256916995868e-01 0.000000000000000000e+00
0.000000000000000000e+00 8.142292490118576698e-01 0.000000000000000000e+00
0.000000000000000000e+00 7.984189723320158638e-01 0.000000000000000000e+00
0.000000000000000000e+00 7.826086956521739468e-01 0.000000000000000000e+00
0.000000000000000000e+00 7.667984189723320299e-01 0.000000000000000000e+00
0.000000000000000000e+00 7.509881422924901129e-01 0.000000000000000000e+00
0.000000000000000000e+00 7.391304347826086474e-01 0.000000000000000000e+00
0.000000000000000000e+00 7.233201581027668414e-01 0.000000000000000000e+00
0.000000000000000000e+00 7.075098814229249244e-01 0.000000000000000000e+00
0.000000000000000000e+00 6.916996047430830075e-01 0.000000000000000000e+00
0.000000000000000000e+00 6.758893280632410905e-01 0.000000000000000000e+00
0.000000000000000000e+00 6.600790513833991735e-01 0.000000000000000000e+00
0.000000000000000000e+00 6.442687747035573675e-01 0.000000000000000000e+00
0.000000000000000000e+00 6.284584980237154506e-01 0.000000000000000000e+00
0.000000000000000000e+00 6.126482213438735336e-01 0.000000000000000000e+00
0.000000000000000000e+00 5.968379446640316166e-01 0.000000000000000000e+00
0.000000000000000000e+00 5.810276679841896996e-01 0.000000000000000000e+00
0.000000000000000000e+00 5.652173913043477826e-01 0.000000000000000000e+00
0.000000000000000000e+00 5.494071146245059767e-01 0.000000000000000000e+00
0.000000000000000000e+00 5.335968379446640597e-01 0.000000000000000000e+00
0.000000000000000000e+00 5.177865612648221427e-01 0.000000000000000000e+00
0.000000000000000000e+00 5.019762845849802257e-01 0.000000000000000000e+00
0.000000000000000000e+00 4.861660079051383643e-01 0.000000000000000000e+00
0.000000000000000000e+00 4.703557312252964473e-01 0.000000000000000000e+00
0.000000000000000000e+00 4.545454545454545303e-01 0.000000000000000000e+00
0.000000000000000000e+00 4.387351778656126688e-01 0.000000000000000000e+00
0.000000000000000000e+00 4.229249011857707519e-01 0.000000000000000000e+00
0.000000000000000000e+00 4.071146245059288349e-01 0.000000000000000000e+00
0.000000000000000000e+00 3.913043478260869734e-01 0.000000000000000000e+00
0.000000000000000000e+00 3.754940711462450564e-01 0.000000000000000000e+00
0.000000000000000000e+00 3.596837944664031395e-01 0.000000000000000000e+00
0.000000000000000000e+00 3.438735177865612780e-01 0.000000000000000000e+00
0.000000000000000000e+00 3.280632411067193610e-01 0.000000000000000000e+00
0.000000000000000000e+00 3.122529644268774440e-01 0.000000000000000000e+00
0.000000000000000000e+00 2.964426877470355826e-01 0.000000000000000000e+00
0.000000000000000000e+00 2.806324110671936656e-01 0.000000000000000000e+00
0.000000000000000000e+00 2.648221343873518041e-01 0.000000000000000000e+00
0.000000000000000000e+00 2.490118577075098871e-01 0.000000000000000000e+00
0.000000000000000000e+00 2.371541501976284494e-01 6.324110671936758465e-02
0.000000000000000000e+00 2.213438735177865602e-01 1.264822134387351693e-01
0.000000000000000000e+00 2.055335968379446709e-01 1.897233201581027540e-01
0.000000000000000000e+00 1.897233201581027540e-01 2.490118577075098871e-01
0.000000000000000000e+00 1.739130434782608647e-01 3.122529644268774440e-01
0.000000000000000000e+00 1.581027667984189755e-01 3.754940711462450564e-01
0.000000000000000000e+00 1.422924901185770863e-01 4.387351778656126688e-01
0.000000000000000000e+00 1.264822134387351693e-01 5.019762845849802257e-01
0.000000000000000000e+00 1.106719367588932801e-01 5.652173913043477826e-01
0.000000000000000000e+00 9.486166007905137698e-02 6.284584980237154506e-01
0.000000000000000000e+00 7.905138339920948776e-02 6.916996047430830075e-01
0.000000000000000000e+00 6.324110671936758465e-02 7.509881422924901129e-01
0.000000000000000000e+00 4.743083003952568849e-02 8.142292490118576698e-01
0.000000000000000000e+00 3.162055335968379233e-02 8.774703557312253377e-01
0.000000000000000000e+00 1.581027667984189616e-02 9.407114624505928946e-01
0.000000000000000000e+00 0.000000000000000000e+00 1.000000000000000000e+00
0.000000000000000000e+00 0.000000000000000000e+00 9.881422924901185345e-01
0.000000000000000000e+00 0.000000000000000000e+00 9.723320158102767286e-01
0.000000000000000000e+00 0.000000000000000000e+00 9.565217391304348116e-01
0.000000000000000000e+00 0.000000000000000000e+00 9.407114624505928946e-01
0.000000000000000000e+00 0.000000000000000000e+00 9.249011857707509776e-01
0.000000000000000000e+00 0.000000000000000000e+00 9.090909090909090606e-01
0.000000000000000000e+00 0.000000000000000000e+00 8.932806324110671437e-01
0.000000000000000000e+00 0.000000000000000000e+00 8.774703557312253377e-01
0.000000000000000000e+00 0.000000000000000000e+00 8.616600790513834207e-01
0.000000000000000000e+00 0.000000000000000000e+00 8.458498023715415037e-01
0.000000000000000000e+00 0.000000000000000000e+00 8.300395256916995868e-01
0.000000000000000000e+00 0.000000000000000000e+00 8.142292490118576698e-01
0.000000000000000000e+00 0.000000000000000000e+00 7.984189723320158638e-01
0.000000000000000000e+00 0.000000000000000000e+00 7.826086956521739468e-01
0.000000000000000000e+00 0.000000000000000000e+00 7.667984189723320299e-01
0.000000000000000000e+00 0.000000000000000000e+00 7.509881422924901129e-01
0.000000000000000000e+00 0.000000000000000000e+00 7.391304347826086474e-01
0.000000000000000000e+00 0.000000000000000000e+00 7.233201581027668414e-01
0.000000000000000000e+00 0.000000000000000000e+00 7.075098814229249244e-01
0.000000000000000000e+00 0.000000000000000000e+00 6.916996047430830075e-01
0.000000000000000000e+00 0.000000000000000000e+00 6.758893280632410905e-01
0.000000000000000000e+00 0.000000000000000000e+00 6.600790513833991735e-01
0.000000000000000000e+00 0.000000000000000000e+00 6.442687747035573675e-01
0.000000000000000000e+00 0.000000000000000000e+00 6.284584980237154506e-01
0.000000000000000000e+00 0.000000000000000000e+00 6.126482213438735336e-01
0.000000000000000000e+00 0.000000000000000000e+00 5.968379446640316166e-01
0.000000000000000000e+00 0.000000000000000000e+00 5.810276679841896996e-01
0.000000000000000000e+00 0.000000000000000000e+00 5.652173913043477826e-01
0.000000000000000000e+00 0.000000000000000000e+00 5.494071146245059767e-01
0.000000000000000000e+00 0.000000000000000000e+00 5.335968379446640597e-01
0.000000000000000000e+00 0.000000000000000000e+00 5.177865612648221427e-01
0.000000000000000000e+00 0.000000000000000000e+00 5.019762845849802257e-01
0.000000000000000000e+00 0.000000000000000000e+00 4.703557312252964473e-01
0.000000000000000000e+00 0.000000000000000000e+00 4.387351778656126688e-01
0.000000000000000000e+00 0.000000000000000000e+00 4.071146245059288349e-01
0.000000000000000000e+00 0.000000000000000000e+00 3.754940711462450564e-01
0.000000000000000000e+00 0.000000000000000000e+00 3.438735177865612780e-01
0.000000000000000000e+00 0.000000000000000000e+00 3.122529644268774440e-01
0.000000000000000000e+00 0.000000000000000000e+00 2.806324110671936656e-01
0.000000000000000000e+00 0.000000000000000000e+00 2.490118577075098871e-01
0.000000000000000000e+00 0.000000000000000000e+00 2.213438735177865602e-01
0.000000000000000000e+00 0.000000000000000000e+00 1.897233201581027540e-01
0.000000000000000000e+00 0.000000000000000000e+00 1.581027667984189755e-01
0.000000000000000000e+00 0.000000000000000000e+00 1.264822134387351693e-01
0.000000000000000000e+00 0.000000000000000000e+00 9.486166007905137698e-02
0.000000000000000000e+00 0.000000000000000000e+00 6.324110671936758465e-02
0.000000000000000000e+00 0.000000000000000000e+00 3.162055335968379233e-02
0.000000000000000000e+00 0.000000000000000000e+00 3.162055335968379233e-02
