0.000000000000000000e+00 0.000000000000000000e+00 2.371541501976284425e-02
0.000000000000000000e+00 0.000000000000000000e+00 2.371541501976284425e-02
0.000000000000000000e+00 0.000000000000000000e+00 4.743083003952568849e-02
0.000000000000000000e+00 0.000000000000000000e+00 6.719367588932806390e-02
0.000000000000000000e+00 0.000000000000000000e+00 9.090909090909091161e-02
0.000000000000000000e+00 0.000000000000000000e+00 1.146245059288537593e-01
0.000000000000000000e+00 0.000000000000000000e+00 1.383399209486166070e-01
0.000000000000000000e+00 0.000000000000000000e+00 1.620553359683794548e-01
0.000000000000000000e+00 0.000000000000000000e+00 1.818181818181818232e-01
0.000000000000000000e+00 0.000000000000000000e+00 2.055335968379446709e-01
0.000000000000000000e+00 0.000000000000000000e+00 2.292490118577075187e-01
0.000000000000000000e+00 0.000000000000000000e+00 2.490118577075098871e-01
0.000000000000000000e+00 0.000000000000000000e+00 2.727272727272727071e-01
0.000000000000000000e+00 0.000000000000000000e+00 2.924901185770750756e-01
0.000000000000000000e+00 0.000000000000000000e+00 3.162055335968379510e-01
0.000000000000000000e+00 0.000000000000000000e+00 3.320158102766798680e-01
0.000000000000000000e+00 0.000000000000000000e+00 3.478260869565217295e-01
0.000000000000000000e+00 0.000000000000000000e+00 3.636363636363636465e-01
0.000000000000000000e+00 0.000000000000000000e+00 3.833992094861660149e-01
0.000000000000000000e+00 0.000000000000000000e+00 4.071146245059288349e-01
0.000000000000000000e+00 0.000000000000000000e+00 4.268774703557312034e-01
0.000000000000000000e+00 0.000000000000000000e+00 4.505928853754940788e-01
0.000000000000000000e+00 0.000000000000000000e+00 4.743083003952568988e-01
0.000000000000000000e+00 0.000000000000000000e+00 4.940711462450592673e-01
0.000000000000000000e+00 0.000000000000000000e+00 5.177865612648221427e-01
0.000000000000000000e+00 0.000000000000000000e+00 5.375494071146245112e-01
0.000000000000000000e+00 0.000000000000000000e+00 5.612648221343873312e-01
0.000000000000000000e+00 0.000000000000000000e+00 5.849802371541501511e-01
0.000000000000000000e+00 0.000000000000000000e+00 6.047430830039525196e-01
0.000000000000000000e+00 0.000000000000000000e+00 6.284584980237154506e-01
0.000000000000000000e+00 0.000000000000000000e+00 6.482213438735178190e-01
0.000000000000000000e+00 0.000000000000000000e+00 6.640316205533597360e-01
0.000000000000000000e+00 0.000000000000000000e+00 6.837944664031621045e-01
0.000000000000000000e+00 2.371541501976284425e-02 6.956521739130434590e-01
0.000000000000000000e+00 4.743083003952568849e-02 7.154150197628458274e-01
0.000000000000000000e+00 6.719367588932806390e-02 7.391304347826086474e-01
0.000000000000000000e+00 9.090909090909091161e-02 7.549407114624505644e-01
0.000000000000000000e+00 1.146245059288537593e-01 7.786561264822133843e-01
0.000000000000000000e+00 1.383399209486166070e-01 8.023715415019763153e-01
0.000000000000000000e+00 1.620553359683794548e-01 8.221343873517786838e-01
0.000000000000000000e+00 1.818181818181818232e-01 8.458498023715415037e-01
0.000000000000000000e+00 2.055335968379446709e-01 8.656126482213438722e-01
0.000000000000000000e+00 2.292490118577075187e-01 8.893280632411066922e-01
0.000000000000000000e+00 2.490118577075098871e-01 9.130434782608695121e-01
0.000000000000000000e+00 2.727272727272727071e-01 9.328063241106719916e-01
0.000000000000000000e+00 2.924901185770750756e-01 9.565217391304348116e-01
0.000000000000000000e+00 3.162055335968379510e-01 9.762845849802371800e-01
0.000000000000000000e+00 3.320158102766798680e-01 1.000000000000000000e+00
0.000000000000000000e+00 3.478260869565217295e-01 1.000000000000000000e+00
0.000000000000000000e+00 3.636363636363636465e-01 1.000000000000000000e+00
0.000000000000000000e+00 3.833992094861660149e-01 1.000000000000000000e+00
0.000000000000000000e+00 4.071146245059288349e-01 1.000000000000000000e+00
0.000000000000000000e+00 4.268774703557312034e-01 1.000000000000000000e+00
0.000000000000000000e+00 4.505928853754940788e-01 1.000000000000000000e+00
0.000000000000000000e+00 4.743083003952568988e-01 1.000000000000000000e+00
0.000000000000000000e+00 4.940711462450592673e-01 1.000000000000000000e+00
0.000000000000000000e+00 5.177865612648221427e-01 1.000000000000000000e+00
0.000000000000000000e+00 5.375494071146245112e-01 1.000000000000000000e+00
0.000000000000000000e+00 5.612648221343873312e-01 1.000000000000000000e+00
0.000000000000000000e+00 5.849802371541501511e-01 1.000000000000000000e+00
0.000000000000000000e+00 6.047430830039525196e-01 1.000000000000000000e+00
0.000000000000000000e+00 6.284584980237154506e-01 1.000000000000000000e+00
0.000000000000000000e+00 6.482213438735178190e-01 1.000000000000000000e+00
0.000000000000000000e+00 6.640316205533597360e-01 1.000000000000000000e+00
0.000000000000000000e+00 6.837944664031621045e-01 1.000000000000000000e+00
0.000000000000000000e+00 6.956521739130434590e-01 1.000000000000000000e+00
0.000000000000000000e+00 7.154150197628458274e-01 1.000000000000000000e+00
0.000000000000000000e+00 7.391304347826086474e-01 1.000000000000000000e+00
0.000000000000000000e+00 7.549407114624505644e-01 1.000000000000000000e+00
0.000000000000000000e+00 7.786561264822133843e-01 1.000000000000000000e+00
0.000000000000000000e+00 8.023715415019763153e-01 1.000000000000000000e+00
0.000000000000000000e+00 8.221343873517786838e-01 1.000000000000000000e+00
0.000000000000000000e+00 8.458498023715415037e-01 1.000000000000000000e+00
0.000000000000000000e+00 8.656126482213438722e-01 1.000000000000000000e+00
0.000000000000000000e+00 8.893280632411066922e-01 1.000000000000000000e+00
0.000000000000000000e+00 9.130434782608695121e-01 1.000000000000000000e+00
0.000000000000000000e+00 9.328063241106719916e-01 1.000000000000000000e+00
0.000000000000000000e+00 9.565217391304348116e-01 1.000000000000000000e+00
0.000000000000000000e+00 9.762845849802371800e-01 1.000000000000000000e+00
0.000000000000000000e+00 1.000000000000000000e+00 1.000000000000000000e+00
0.000000000000000000e+00 1.000000000000000000e+00 1.000000000000000000e+00
0.000000000000000000e+00 1.000000000000000000e+00 1.000000000000000000e+00
0.000000000000000000e+00 1.000000000000000000e+00 1.000000000000000000e+00
0.000000000000000000e+00 1.000000000000000000e+00 1.000000000000000000e+00
0.000000000000000000e+00 1.000000000000000000e+00 1.000000000000000000e+00
0.000000000000000000e+00 1.000000000000000000e+00 1.000000000000000000e+00
0.000000000000000000e+00 1.000000000000000000e+00 1.000000000000000000e+00
0.000000000000000000e+00 1.000000000000000000e+00 1.000000000000000000e+00
0.000000000000000000e+00 1.000000000000000000e+00 1.000000000000000000e+00
0.000000000000000000e+00 1.000000000000000000e+00 1.000000000000000000e+00
0.000000000000000000e+00 1.000000000000000000e+00 1.000000000000000000e+00
0.000000000000000000e+00 1.000000000000000000e+00 1.000000000000000000e+00
0.000000000000000000e+00 1.000000000000000000e+00 1.000000000000000000e+00
0.000000000000000000e+00 1.000000000000000000e+00 1.000000000000000000e+00
0.000000000000000000e+00 1.000000000000000000e+00 1.000000000000000000e+00
0.000000000000000000e+00 1.000000000000000000e+00 1.000000000000000000e+00
0.000000000000000000e+00 1.000000000000000000e+00 9.367588932806324431e-01
3.557312252964427157e-02 1.000000000000000000e+00 8.735177865612647752e-01
6.719367588932806390e-02 1.000000000000000000e+00 8.102766798418972183e-01
1.027667984189723355e-01 1.000000000000000000e+00 7.509881422924901129e-01
1.383399209486166070e-01 1.000000000000000000e+00 6.877470355731225560e-01
1.739130434782608647e-01 1.000000000000000000e+00 6.245059288537548881e-01
2.055335968379446709e-01 1.000000000000000000e+00 5.612648221343873312e-01
2.411067193675889286e-01 1.000000000000000000e+00 4.980237154150197743e-01
2.727272727272727071e-01 1.000000000000000000e+00 4.347826086956521618e-01
3.083003952569169925e-01 1.000000000000000000e+00 3.715415019762846049e-01
3.399209486166007710e-01 1.000000000000000000e+00 3.083003952569169925e-01
3.754940711462450564e-01 1.000000000000000000e+00 2.490118577075098871e-01
4.110671936758893419e-01 1.000000000000000000e+00 1.857707509881423025e-01
4.466403162055335718e-01 1.000000000000000000e+00 1.225296442687747039e-01
4.782608695652174058e-01 1.000000000000000000e+00 5.928853754940711235e-02
5.019762845849802257e-01 1.000000000000000000e+00 0.000000000000000000e+00
5.256916996047430457e-01 1.000000000000000000e+00 0.000000000000000000e+00
5.454545454545454142e-01 9.920948616600790970e-01 0.000000000000000000e+00
5.810276679841896996e-01 9.841897233201580830e-01 0.000000000000000000e+00
6.126482213438735336e-01 9.762845849802371800e-01 0.000000000000000000e+00
6.442687747035573675e-01 9.644268774703557146e-01 0.000000000000000000e+00
6.758893280632410905e-01 9.565217391304348116e-01 0.000000000000000000e+00
7.114624505928853759e-01 9.486166007905137976e-01 0.000000000000000000e+00
7.430830039525692099e-01 9.407114624505928946e-01 0.000000000000000000e+00
7.707509881422924813e-01 9.328063241106719916e-01 0.000000000000000000e+00
8.023715415019763153e-01 9.249011857707509776e-01 0.000000000000000000e+00
8.379446640316206008e-01 9.169960474308300746e-01 0.000000000000000000e+00
8.695652173913043237e-01 9.090909090909090606e-01 0.000000000000000000e+00
9.011857707509881577e-01 8.972332015810277062e-01 0.000000000000000000e+00
9.328063241106719916e-01 8.893280632411066922e-01 0.000000000000000000e+00
9.683794466403161660e-01 8.814229249011857892e-01 0.000000000000000000e+00
1.000000000000000000e+00 8.735177865612647752e-01 0.000000000000000000e+00
1.000000000000000000e+00 8.735177865612647752e-01 0.000000000000000000e+00
1.000000000000000000e+00 8.616600790513834207e-01 0.000000000000000000e+00
1.000000000000000000e+00 8.537549407114624067e-01 0.000000000000000000e+00
1.000000000000000000e+00 8.418972332015810522e-01 0.000000000000000000e+00
1.000000000000000000e+00 8.300395256916995868e-01 0.000000000000000000e+00
1.000000000000000000e+00 8.221343873517786838e-01 0.000000000000000000e+00
1.000000000000000000e+00 8.102766798418972183e-01 0.000000000000000000e+00
1.000000000000000000e+00 7.984189723320158638e-01 0.000000000000000000e+00
1.000000000000000000e+00 7.905138339920948498e-01 0.000000000000000000e+00
1.000000000000000000e+00 7.786561264822133843e-01 0.000000000000000000e+00
1.000000000000000000e+00 7.667984189723320299e-01 0.000000000000000000e+00
1.000000000000000000e+00 7.588932806324110159e-01 0.000000000000000000e+00
1.000000000000000000e+00 7.509881422924901129e-01 0.000000000000000000e+00
1.000000000000000000e+00 7.391304347826086474e-01 0.000000000000000000e+00
1.000000000000000000e+00 7.312252964426877444e-01 0.000000000000000000e+00
1.000000000000000000e+00 7.233201581027668414e-01 0.000000000000000000e+00
1.000000000000000000e+00 7.154150197628458274e-01 0.000000000000000000e+00
1.000000000000000000e+00 7.075098814229249244e-01 0.000000000000000000e+00
1.000000000000000000e+00 6.916996047430830075e-01 0.000000000000000000e+00
1.000000000000000000e+00 6.798418972332015420e-01 0.000000000000000000e+00
1.000000000000000000e+00 6.640316205533597360e-01 0.000000000000000000e+00
1.000000000000000000e+00 6.521739130434782705e-01 0.000000000000000000e+00
1.000000000000000000e+00 6.363636363636363535e-01 0.000000000000000000e+00
1.000000000000000000e+00 6.245059288537548881e-01 0.000000000000000000e+00
1.000000000000000000e+00 6.086956521739130821e-01 0.000000000000000000e+00
1.000000000000000000e+00 5.968379446640316166e-01 0.000000000000000000e+00
1.000000000000000000e+00 5.810276679841896996e-01 0.000000000000000000e+00
1.000000000000000000e+00 5.691699604743083452e-01 0.000000000000000000e+00
1.000000000000000000e+00 5.533596837944664282e-01 0.000000000000000000e+00
1.000000000000000000e+00 5.415019762845849627e-01 0.000000000000000000e+00
1.000000000000000000e+00 5.256916996047430457e-01 0.000000000000000000e+00
1.000000000000000000e+00 5.059288537549406772e-01 0.000000000000000000e+00
1.000000000000000000e+00 5.138339920948616912e-01 0.000000000000000000e+00
1.000000000000000000e+00 4.980237154150197743e-01 0.000000000000000000e+00
1.000000000000000000e+00 4.782608695652174058e-01 0.000000000000000000e+00
1.000000000000000000e+00 4.624505928853754888e-01 0.000000000000000000e+00
1.000000000000000000e+00 4.466403162055335718e-01 0.000000000000000000e+00
1.000000000000000000e+00 4.308300395256917104e-01 0.000000000000000000e+00
1.000000000000000000e+00 4.110671936758893419e-01 0.000000000000000000e+00
1.000000000000000000e+00 3.952569169960474249e-01 0.000000000000000000e+00
1.000000000000000000e+00 3.794466403162055079e-01 0.000000000000000000e+00
1.000000000000000000e+00 3.636363636363636465e-01 0.000000000000000000e+00
1.000000000000000000e+00 3.438735177865612780e-01 0.000000000000000000e+00
1.000000000000000000e+00 3.280632411067193610e-01 0.000000000000000000e+00
1.000000000000000000e+00 3.122529644268774440e-01 0.000000000000000000e+00
1.000000000000000000e+00 2.964426877470355826e-01 0.000000000000000000e+00
1.000000000000000000e+00 2.766798418972332141e-01 0.000000000000000000e+00
1.000000000000000000e+00 2.569169960474308456e-01 0.000000000000000000e+00
1.000000000000000000e+00 2.648221343873518041e-01 0.000000000000000000e+00
1.000000000000000000e+00 2.490118577075098871e-01 0.000000000000000000e+00
1.000000000000000000e+00 2.292490118577075187e-01 0.000000000000000000e+00
1.000000000000000000e+00 2.134387351778656017e-01 0.000000000000000000e+00
1.000000000000000000e+00 1.936758893280632332e-01 0.000000000000000000e+00
1.000000000000000000e+00 1.778656126482213440e-01 0.000000000000000000e+00
1.000000000000000000e+00 1.581027667984189755e-01 0.000000000000000000e+00
1.000000000000000000e+00 1.422924901185770863e-01 0.000000000000000000e+00
1.000000000000000000e+00 1.225296442687747039e-01 0.000000000000000000e+00
1.000000000000000000e+00 1.067193675889328008e-01 0.000000000000000000e+00
1.000000000000000000e+00 8.695652173913043237e-02 0.000000000000000000e+00
1.000000000000000000e+00 7.114624505928854314e-02 0.000000000000000000e+00
1.000000000000000000e+00 5.138339920948616774e-02 0.000000000000000000e+00
1.000000000000000000e+00 3.557312252964427157e-02 0.000000000000000000e+00
1.000000000000000000e+00 1.581027667984189616e-02 0.000000000000000000e+00
1.000000000000000000e+00 0.000000000000000000e+00 0.000000000000000000e+00
1.000000000000000000e+00 0.000000000000000000e+00 0.000000000000000000e+00
9.920948616600790970e-01 5.138339920948616774e-02 5.138339920948616774e-02
9.841897233201580830e-01 9.881422924901185623e-02 9.881422924901185623e-02
9.762845849802371800e-01 1.501976284584980170e-01 1.501976284584980170e-01
9.644268774703557146e-01 2.015810276679841917e-01 2.015810276679841917e-01
9.565217391304348116e-01 2.490118577075098871e-01 2.490118577075098871e-01
9.486166007905137976e-01 2.964426877470355826e-01 2.964426877470355826e-01
9.407114624505928946e-01 3.478260869565217295e-01 3.478260869565217295e-01
9.328063241106719916e-01 3.992094861660079319e-01 3.992094861660079319e-01
9.249011857707509776e-01 4.505928853754940788e-01 4.505928853754940788e-01
9.169960474308300746e-01 4.980237154150197743e-01 4.980237154150197743e-01
9.090909090909090606e-01 5.494071146245059767e-01 5.494071146245059767e-01
8.972332015810277062e-01 6.007905138339920681e-01 6.007905138339920681e-01
8.893280632411066922e-01 6.521739130434782705e-01 6.521739130434782705e-01
8.814229249011857892e-01 6.996047430830039104e-01 6.996047430830039104e-01
8.735177865612647752e-01 7.193675889328062789e-01 7.193675889328062789e-01
8.735177865612647752e-01 7.391304347826086474e-01 7.391304347826086474e-01
8.735177865612647752e-01 7.549407114624505644e-01 7.549407114624505644e-01
8.735177865612647752e-01 7.628458498023715784e-01 7.628458498023715784e-01
8.735177865612647752e-01 7.707509881422924813e-01 7.707509881422924813e-01
8.735177865612647752e-01 7.826086956521739468e-01 7.826086956521739468e-01
8.735177865612647752e-01 7.905138339920948498e-01 7.905138339920948498e-01
8.735177865612647752e-01 7.984189723320158638e-01 7.984189723320158638e-01
8.735177865612647752e-01 8.063241106719367668e-01 8.063241106719367668e-01
8.735177865612647752e-01 8.142292490118576698e-01 8.142292490118576698e-01
8.735177865612647752e-01 8.221343873517786838e-01 8.221343873517786838e-01
8.735177865612647752e-01 8.300395256916995868e-01 8.300395256916995868e-01
8.735177865612647752e-01 8.379446640316206008e-01 8.379446640316206008e-01
8.735177865612647752e-01 8.498023715415019552e-01 8.498023715415019552e-01
8.735177865612647752e-01 8.577075098814229692e-01 8.577075098814229692e-01
8.735177865612647752e-01 8.656126482213438722e-01 8.656126482213438722e-01
8.735177865612647752e-01 8.735177865612647752e-01 8.735177865612647752e-01
8.735177865612647752e-01 8.735177865612647752e-01 8.735177865612647752e-01
8.814229249011857892e-01 8.814229249011857892e-01 8.814229249011857892e-01
8.893280632411066922e-01 8.893280632411066922e-01 8.893280632411066922e-01
8.972332015810277062e-01 8.972332015810277062e-01 8.972332015810277062e-01
9.090909090909090606e-01 9.090909090909090606e-01 9.090909090909090606e-01
9.169960474308300746e-01 9.169960474308300746e-01 9.169960474308300746e-01
9.249011857707509776e-01 9.249011857707509776e-01 9.249011857707509776e-01
9.328063241106719916e-01 9.328063241106719916e-01 9.328063241106719916e-01
9.407114624505928946e-01 9.407114624505928946e-01 9.407114624505928946e-01
9.486166007905137976e-01 9.486166007905137976e-01 9.486166007905137976e-01
9.565217391304348116e-01 9.565217391304348116e-01 9.565217391304348116e-01
9.644268774703557146e-01 9.644268774703557146e-01 9.644268774703557146e-01
9.762845849802371800e-01 9.762845849802371800e-01 9.762845849802371800e-01
9.841897233201580830e-01 9.841897233201580830e-01 9.841897233201580830e-01
9.920948616600790970e-01 9.920948616600790970e-01 9.920948616600790970e-01
1.000000000000000000e+00 1.000000000000000000e+00 1.000000000000000000e+00
1.000000000000000000e+00 1.000000000000000000e+00 1.000000000000000000e+00
1.000000000000000000e+00 1.000000000000000000e+00 1.000000000000000000e+00
1.000000000000000000e+00 1.000000000000000000e+00 1.000000000000000000e+00
1.000000000000000000e+00 1.000000000000000000e+00 1.000000000000000000e+00
1.000000000000000000e+00 1.000000000000000000e+00 1.000000000000000000e+00
1.000000000000000000e+00 1.000000000000000000e+00 1.000000000000000000e+00
1.000000000000000000e+00 1.000000000000000000e+00 1.000000000000000000e+00
1.000000000000000000e+00 1.000000000000000000e+00 1.000000000000000000e+00
1.000000000000000000e+00 1.000000000000000000e+00 1.000000000000000000e+00
1.000000000000000000e+00 1.000000000000000000e+00 1.000000000000000000e+00
1.000000000000000000e+00 1.000000000000000000e+00 1.000000000000000000e+00
1.000000000000000000e+00 1.000000000000000000e+00 1.000000000000000000e+00
1.000000000000000000e+00 1.000000000000000000e+00 1.000000000000000000e+00
1.000000000000000000e+00 1.000000000000000000e+00 1.000000000000000000e+00
1.000000000000000000e+00 1.000000000000000000e+00 1.000000000000000000e+00
1.000000000000000000e+00 1.000000000000000000e+00 1.000000000000000000e+00
