1.000000000000000000e+00 0.000000000000000000e+00 0.000000000000000000e+00
1.000000000000000000e+00 0.000000000000000000e+00 2.352941176470588203e-02
1.000000000000000000e+00 0.000000000000000000e+00 4.705882352941176405e-02
1.000000000000000000e+00 0.000000000000000000e+00 7.058823529411764608e-02
1.000000000000000000e+00 0.000000000000000000e+00 9.411764705882352811e-02
1.000000000000000000e+00 0.000000000000000000e+00 1.176470588235294101e-01
1.000000000000000000e+00 0.000000000000000000e+00 1.411764705882352922e-01
1.000000000000000000e+00 0.000000000000000000e+00 1.647058823529411742e-01
1.000000000000000000e+00 0.000000000000000000e+00 1.882352941176470562e-01
1.000000000000000000e+00 0.000000000000000000e+00 2.117647058823529382e-01
1.000000000000000000e+00 0.000000000000000000e+00 2.352941176470588203e-01
1.000000000000000000e+00 0.000000000000000000e+00 2.588235294117647300e-01
1.000000000000000000e+00 0.000000000000000000e+00 2.823529411764705843e-01
1.000000000000000000e+00 0.000000000000000000e+00 3.058823529411764941e-01
1.000000000000000000e+00 0.000000000000000000e+00 3.294117647058823484e-01
1.000000000000000000e+00 0.000000000000000000e+00 3.529411764705882582e-01
1.000000000000000000e+00 0.000000000000000000e+00 3.764705882352941124e-01
1.000000000000000000e+00 0.000000000000000000e+00 4.000000000000000222e-01
1.000000000000000000e+00 0.000000000000000000e+00 4.235294117647058765e-01
1.000000000000000000e+00 0.000000000000000000e+00 4.470588235294117863e-01
1.000000000000000000e+00 0.000000000000000000e+00 4.705882352941176405e-01
1.000000000000000000e+00 0.000000000000000000e+00 4.941176470588235503e-01
1.000000000000000000e+00 0.000000000000000000e+00 5.176470588235294601e-01
1.000000000000000000e+00 0.000000000000000000e+00 5.411764705882352589e-01
1.000000000000000000e+00 0.000000000000000000e+00 5.647058823529411686e-01
1.000000000000000000e+00 0.000000000000000000e+00 5.882352941176470784e-01
1.000000000000000000e+00 0.000000000000000000e+00 6.117647058823529882e-01
1.000000000000000000e+00 0.000000000000000000e+00 6.352941176470587870e-01
1.000000000000000000e+00 0.000000000000000000e+00 6.588235294117646967e-01
1.000000000000000000e+00 0.000000000000000000e+00 6.823529411764706065e-01
1.000000000000000000e+00 0.000000000000000000e+00 7.058823529411765163e-01
1.000000000000000000e+00 0.000000000000000000e+00 7.294117647058823151e-01
1.000000000000000000e+00 0.000000000000000000e+00 7.529411764705882248e-01
1.000000000000000000e+00 0.000000000000000000e+00 7.764705882352941346e-01
1.000000000000000000e+00 0.000000000000000000e+00 8.000000000000000444e-01
1.000000000000000000e+00 0.000000000000000000e+00 8.235294117647058432e-01
1.000000000000000000e+00 0.000000000000000000e+00 8.470588235294117530e-01
1.000000000000000000e+00 0.000000000000000000e+00 8.705882352941176627e-01
1.000000000000000000e+00 0.000000000000000000e+00 8.941176470588235725e-01
1.000000000000000000e+00 0.000000000000000000e+00 9.176470588235293713e-01
1.000000000000000000e+00 0.000000000000000000e+00 9.411764705882352811e-01
1.000000000000000000e+00 0.000000000000000000e+00 9.647058823529411908e-01
1.000000000000000000e+00 0.000000000000000000e+00 9.882352941176471006e-01
9.882352941176471006e-01 0.000000000000000000e+00 1.000000000000000000e+00
9.647058823529411908e-01 0.000000000000000000e+00 1.000000000000000000e+00
9.411764705882352811e-01 0.000000000000000000e+00 1.000000000000000000e+00
9.176470588235293713e-01 0.000000000000000000e+00 1.000000000000000000e+00
8.941176470588235725e-01 0.000000000000000000e+00 1.000000000000000000e+00
8.705882352941176627e-01 0.000000000000000000e+00 1.000000000000000000e+00
8.470588235294117530e-01 0.000000000000000000e+00 1.000000000000000000e+00
8.235294117647058432e-01 0.000000000000000000e+00 1.000000000000000000e+00
8.000000000000000444e-01 0.000000000000000000e+00 1.000000000000000000e+00
7.764705882352941346e-01 0.000000000000000000e+00 1.000000000000000000e+00
7.529411764705882248e-01 0.000000000000000000e+00 1.000000000000000000e+00
7.294117647058823151e-01 0.000000000000000000e+00 1.000000000000000000e+00
7.058823529411765163e-01 0.000000000000000000e+00 1.000000000000000000e+00
6.823529411764706065e-01 0.000000000000000000e+00 1.000000000000000000e+00
6.588235294117646967e-01 0.000000000000000000e+00 1.000000000000000000e+00
6.352941176470587870e-01 0.000000000000000000e+00 1.000000000000000000e+00
6.117647058823529882e-01 0.000000000000000000e+00 1.000000000000000000e+00
5.882352941176470784e-01 0.000000000000000000e+00 1.000000000000000000e+00
5.647058823529411686e-01 0.000000000000000000e+00 1.000000000000000000e+00
5.411764705882352589e-01 0.000000000000000000e+00 1.000000000000000000e+00
5.176470588235294601e-01 0.000000000000000000e+00 1.000000000000000000e+00
4.941176470588235503e-01 0.000000000000000000e+00 1.000000000000000000e+00
4.705882352941176405e-01 0.000000000000000000e+00 1.000000000000000000e+00
4.470588235294117863e-01 0.000000000000000000e+00 1.000000000000000000e+00
4.235294117647058765e-01 0.000000000000000000e+00 1.000000000000000000e+00
4.000000000000000222e-01 0.000000000000000000e+00 1.000000000000000000e+00
3.764705882352941124e-01 0.000000000000000000e+00 1.000000000000000000e+00
3.529411764705882582e-01 0.000000000000000000e+00 1.000000000000000000e+00
3.294117647058823484e-01 0.000000000000000000e+00 1.000000000000000000e+00
3.058823529411764941e-01 0.000000000000000000e+00 1.000000000000000000e+00
2.823529411764705843e-01 0.000000000000000000e+00 1.000000000000000000e+00
2.588235294117647300e-01 0.000000000000000000e+00 1.000000000000000000e+00
2.352941176470588203e-01 0.000000000000000000e+00 1.000000000000000000e+00
2.117647058823529382e-01 0.000000000000000000e+00 1.000000000000000000e+00
1.882352941176470562e-01 0.000000000000000000e+00 1.000000000000000000e+00
1.647058823529411742e-01 0.000000000000000000e+00 1.000000000000000000e+00
1.411764705882352922e-01 0.000000000000000000e+00 1.000000000000000000e+00
1.176470588235294101e-01 0.000000000000000000e+00 1.000000000000000000e+00
9.411764705882352811e-02 0.000000000000000000e+00 1.000000000000000000e+00
7.058823529411764608e-02 0.000000000000000000e+00 1.000000000000000000e+00
4.705882352941176405e-02 0.000000000000000000e+00 1.000000000000000000e+00
2.352941176470588203e-02 0.000000000000000000e+00 1.000000000000000000e+00
0.000000000000000000e+00 0.000000000000000000e+00 1.000000000000000000e+00
0.000000000000000000e+00 2.352941176470588203e-02 1.000000000000000000e+00
0.000000000000000000e+00 4.705882352941176405e-02 1.000000000000000000e+00
0.000000000000000000e+00 7.058823529411764608e-02 1.000000000000000000e+00
0.000000000000000000e+00 9.411764705882352811e-02 1.000000000000000000e+00
0.000000000000000000e+00 1.176470588235294101e-01 1.000000000000000000e+00
0.000000000000000000e+00 1.411764705882352922e-01 1.000000000000000000e+00
0.000000000000000000e+00 1.647058823529411742e-01 1.000000000000000000e+00
0.000000000000000000e+00 1.882352941176470562e-01 1.000000000000000000e+00
0.000000000000000000e+00 2.117647058823529382e-01 1.000000000000000000e+00
0.000000000000000000e+00 2.352941176470588203e-01 1.000000000000000000e+00
0.000000000000000000e+00 2.588235294117647300e-01 1.000000000000000000e+00
0.000000000000000000e+00 2.823529411764705843e-01 1.000000000000000000e+00
0.000000000000000000e+00 3.058823529411764941e-01 1.000000000000000000e+00
0.000000000000000000e+00 3.294117647058823484e-01 1.000000000000000000e+00
0.000000000000000000e+00 3.529411764705882582e-01 1.000000000000000000e+00
0.000000000000000000e+00 3.764705882352941124e-01 1.000000000000000000e+00
0.000000000000000000e+00 4.000000000000000222e-01 1.000000000000000000e+00
0.000000000000000000e+00 4.235294117647058765e-01 1.000000000000000000e+00
0.000000000000000000e+00 4.470588235294117863e-01 1.000000000000000000e+00
0.000000000000000000e+00 4.705882352941176405e-01 1.000000000000000000e+00
0.000000000000000000e+00 4.941176470588235503e-01 1.000000000000000000e+00
0.000000000000000000e+00 5.176470588235294601e-01 1.000000000000000000e+00
0.000000000000000000e+00 5.411764705882352589e-01 1.000000000000000000e+00
0.000000000000000000e+00 5.647058823529411686e-01 1.000000000000000000e+00
0.000000000000000000e+00 5.882352941176470784e-01 1.000000000000000000e+00
0.000000000000000000e+00 6.117647058823529882e-01 1.000000000000000000e+00
0.000000000000000000e+00 6.352941176470587870e-01 1.000000000000000000e+00
0.000000000000000000e+00 6.588235294117646967e-01 1.000000000000000000e+00
0.000000000000000000e+00 6.823529411764706065e-01 1.000000000000000000e+00
0.000000000000000000e+00 7.058823529411765163e-01 1.000000000000000000e+00
0.000000000000000000e+00 7.294117647058823151e-01 1.000000000000000000e+00
0.000000000000000000e+00 7.529411764705882248e-01 1.000000000000000000e+00
0.000000000000000000e+00 7.764705882352941346e-01 1.000000000000000000e+00
0.000000000000000000e+00 8.000000000000000444e-01 1.000000000000000000e+00
0.000000000000000000e+00 8.235294117647058432e-01 1.000000000000000000e+00
0.000000000000000000e+00 8.470588235294117530e-01 1.000000000000000000e+00
0.000000000000000000e+00 8.705882352941176627e-01 1.000000000000000000e+00
0.000000000000000000e+00 8.941176470588235725e-01 1.000000000000000000e+00
0.000000000000000000e+00 9.176470588235293713e-01 1.000000000000000000e+00
0.000000000000000000e+00 9.411764705882352811e-01 1.000000000000000000e+00
0.000000000000000000e+00 9.647058823529411908e-01 1.000000000000000000e+00
0.000000000000000000e+00 9.882352941176471006e-01 1.000000000000000000e+00
0.000000000000000000e+00 1.000000000000000000e+00 9.882352941176471006e-01
0.000000000000000000e+00 1.000000000000000000e+00 9.647058823529411908e-01
0.000000000000000000e+00 1.000000000000000000e+00 9.411764705882352811e-01
0.000000000000000000e+00 1.000000000000000000e+00 9.176470588235293713e-01
0.000000000000000000e+00 1.000000000000000000e+00 8.941176470588235725e-01
0.000000000000000000e+00 1.000000000000000000e+00 8.705882352941176627e-01
0.000000000000000000e+00 1.000000000000000000e+00 8.470588235294117530e-01
0.000000000000000000e+00 1.000000000000000000e+00 8.235294117647058432e-01
0.000000000000000000e+00 1.000000000000000000e+00 8.000000000000000444e-01
0.000000000000000000e+00 1.000000000000000000e+00 7.764705882352941346e-01
0.000000000000000000e+00 1.000000000000000000e+00 7.529411764705882248e-01
0.000000000000000000e+00 1.000000000000000000e+00 7.294117647058823151e-01
0.000000000000000000e+00 1.000000000000000000e+00 7.058823529411765163e-01
0.000000000000000000e+00 1.000000000000000000e+00 6.823529411764706065e-01
0.000000000000000000e+00 1.000000000000000000e+00 6.588235294117646967e-01
0.000000000000000000e+00 1.000000000000000000e+00 6.352941176470587870e-01
0.000000000000000000e+00 1.000000000000000000e+00 6.117647058823529882e-01
0.000000000000000000e+00 1.000000000000000000e+00 5.882352941176470784e-01
0.000000000000000000e+00 1.000000000000000000e+00 5.647058823529411686e-01
0.000000000000000000e+00 1.000000000000000000e+00 5.411764705882352589e-01
0.000000000000000000e+00 1.000000000000000000e+00 5.176470588235294601e-01
0.000000000000000000e+00 1.000000000000000000e+00 4.941176470588235503e-01
0.000000000000000000e+00 1.000000000000000000e+00 4.705882352941176405e-01
0.000000000000000000e+00 1.000000000000000000e+00 4.470588235294117863e-01
0.000000000000000000e+00 1.000000000000000000e+00 4.235294117647058765e-01
0.000000000000000000e+00 1.000000000000000000e+00 4.000000000000000222e-01
0.000000000000000000e+00 1.000000000000000000e+00 3.764705882352941124e-01
0.000000000000000000e+00 1.000000000000000000e+00 3.529411764705882582e-01
0.000000000000000000e+00 1.000000000000000000e+00 3.294117647058823484e-01
0.000000000000000000e+00 1.000000000000000000e+00 3.058823529411764941e-01
0.000000000000000000e+00 1.000000000000000000e+00 2.823529411764705843e-01
0.000000000000000000e+00 1.000000000000000000e+00 2.588235294117647300e-01
0.000000000000000000e+00 1.000000000000000000e+00 2.352941176470588203e-01
0.000000000000000000e+00 1.000000000000000000e+00 2.117647058823529382e-01
0.000000000000000000e+00 1.000000000000000000e+00 1.882352941176470562e-01
0.000000000000000000e+00 1.000000000000000000e+00 1.647058823529411742e-01
0.000000000000000000e+00 1.000000000000000000e+00 1.411764705882352922e-01
0.000000000000000000e+00 1.000000000000000000e+00 1.176470588235294101e-01
0.000000000000000000e+00 1.000000000000000000e+00 9.411764705882352811e-02
0.000000000000000000e+00 1.000000000000000000e+00 7.058823529411764608e-02
0.000000000000000000e+00 1.000000000000000000e+00 4.705882352941176405e-02
0.000000000000000000e+00 1.000000000000000000e+00 2.352941176470588203e-02
0.000000000000000000e+00 1.000000000000000000e+00 0.000000000000000000e+00
2.352941176470588203e-02 1.000000000000000000e+00 0.000000000000000000e+00
4.705882352941176405e-02 1.000000000000000000e+00 0.000000000000000000e+00
7.058823529411764608e-02 1.000000000000000000e+00 0.000000000000000000e+00
9.411764705882352811e-02 1.000000000000000000e+00 0.000000000000000000e+00
1.176470588235294101e-01 1.000000000000000000e+00 0.000000000000000000e+00
1.411764705882352922e-01 1.000000000000000000e+00 0.000000000000000000e+00
1.647058823529411742e-01 1.000000000000000000e+00 0.000000000000000000e+00
1.882352941176470562e-01 1.000000000000000000e+00 0.000000000000000000e+00
2.117647058823529382e-01 1.000000000000000000e+00 0.000000000000000000e+00
2.352941176470588203e-01 1.000000000000000000e+00 0.000000000000000000e+00
2.588235294117647300e-01 1.000000000000000000e+00 0.000000000000000000e+00
2.823529411764705843e-01 1.000000000000000000e+00 0.000000000000000000e+00
3.058823529411764941e-01 1.000000000000000000e+00 0.000000000000000000e+00
3.294117647058823484e-01 1.000000000000000000e+00 0.000000000000000000e+00
3.529411764705882582e-01 1.000000000000000000e+00 0.000000000000000000e+00
3.764705882352941124e-01 1.000000000000000000e+00 0.000000000000000000e+00
4.000000000000000222e-01 1.000000000000000000e+00 0.000000000000000000e+00
4.235294117647058765e-01 1.000000000000000000e+00 0.000000000000000000e+00
4.470588235294117863e-01 1.000000000000000000e+00 0.000000000000000000e+00
4.705882352941176405e-01 1.000000000000000000e+00 0.000000000000000000e+00
4.941176470588235503e-01 1.000000000000000000e+00 0.000000000000000000e+00
5.176470588235294601e-01 1.000000000000000000e+00 0.000000000000000000e+00
5.411764705882352589e-01 1.000000000000000000e+00 0.000000000000000000e+00
5.647058823529411686e-01 1.000000000000000000e+00 0.000000000000000000e+00
5.882352941176470784e-01 1.000000000000000000e+00 0.000000000000000000e+00
6.117647058823529882e-01 1.000000000000000000e+00 0.000000000000000000e+00
6.352941176470587870e-01 1.000000000000000000e+00 0.000000000000000000e+00
6.588235294117646967e-01 1.000000000000000000e+00 0.000000000000000000e+00
6.823529411764706065e-01 1.000000000000000000e+00 0.000000000000000000e+00
7.058823529411765163e-01 1.000000000000000000e+00 0.000000000000000000e+00
7.294117647058823151e-01 1.000000000000000000e+00 0.000000000000000000e+00
7.529411764705882248e-01 1.000000000000000000e+00 0.000000000000000000e+00
7.764705882352941346e-01 1.000000000000000000e+00 0.000000000000000000e+00
8.000000000000000444e-01 1.000000000000000000e+00 0.000000000000000000e+00
8.235294117647058432e-01 1.000000000000000000e+00 0.000000000000000000e+00
8.470588235294117530e-01 1.000000000000000000e+00 0.000000000000000000e+00
8.705882352941176627e-01 1.000000000000000000e+00 0.000000000000000000e+00
8.941176470588235725e-01 1.000000000000000000e+00 0.000000000000000000e+00
9.176470588235293713e-01 1.000000000000000000e+00 0.000000000000000000e+00
9.411764705882352811e-01 1.000000000000000000e+00 0.000000000000000000e+00
9.647058823529411908e-01 1.000000000000000000e+00 0.000000000000000000e+00
9.882352941176471006e-01 1.000000000000000000e+00 0.000000000000000000e+00
1.000000000000000000e+00 9.882352941176471006e-01 0.000000000000000000e+00
1.000000000000000000e+00 9.647058823529411908e-01 0.000000000000000000e+00
1.000000000000000000e+00 9.411764705882352811e-01 0.000000000000000000e+00
1.000000000000000000e+00 9.176470588235293713e-01 0.000000000000000000e+00
1.000000000000000000e+00 8.941176470588235725e-01 0.000000000000000000e+00
1.000000000000000000e+00 8.705882352941176627e-01 0.000000000000000000e+00
1.000000000000000000e+00 8.470588235294117530e-01 0.000000000000000000e+00
1.000000000000000000e+00 8.235294117647058432e-01 0.000000000000000000e+00
1.000000000000000000e+00 8.000000000000000444e-01 0.000000000000000000e+00
1.000000000000000000e+00 7.764705882352941346e-01 0.000000000000000000e+00
1.000000000000000000e+00 7.529411764705882248e-01 0.000000000000000000e+00
1.000000000000000000e+00 7.294117647058823151e-01 0.000000000000000000e+00
1.000000000000000000e+00 7.058823529411765163e-01 0.000000000000000000e+00
1.000000000000000000e+00 6.823529411764706065e-01 0.000000000000000000e+00
1.000000000000000000e+00 6.588235294117646967e-01 0.000000000000000000e+00
1.000000000000000000e+00 6.352941176470587870e-01 0.000000000000000000e+00
1.000000000000000000e+00 6.117647058823529882e-01 0.000000000000000000e+00
1.000000000000000000e+00 5.882352941176470784e-01 0.000000000000000000e+00
1.000000000000000000e+00 5.647058823529411686e-01 0.000000000000000000e+00
1.000000000000000000e+00 5.411764705882352589e-01 0.000000000000000000e+00
1.000000000000000000e+00 5.176470588235294601e-01 0.000000000000000000e+00
1.000000000000000000e+00 4.941176470588235503e-01 0.000000000000000000e+00
1.000000000000000000e+00 4.705882352941176405e-01 0.000000000000000000e+00
1.000000000000000000e+00 4.470588235294117863e-01 0.000000000000000000e+00
1.000000000000000000e+00 4.235294117647058765e-01 0.000000000000000000e+00
1.000000000000000000e+00 4.000000000000000222e-01 0.000000000000000000e+00
1.000000000000000000e+00 3.764705882352941124e-01 0.000000000000000000e+00
1.000000000000000000e+00 3.529411764705882582e-01 0.000000000000000000e+00
1.000000000000000000e+00 3.294117647058823484e-01 0.000000000000000000e+00
1.000000000000000000e+00 3.058823529411764941e-01 0.000000000000000000e+00
1.000000000000000000e+00 2.823529411764705843e-01 0.000000000000000000e+00
1.000000000000000000e+00 2.588235294117647300e-01 0.000000000000000000e+00
1.000000000000000000e+00 2.352941176470588203e-01 0.000000000000000000e+00
1.000000000000000000e+00 2.117647058823529382e-01 0.000000000000000000e+00
1.000000000000000000e+00 1.882352941176470562e-01 0.000000000000000000e+00
1.000000000000000000e+00 1.647058823529411742e-01 0.000000000000000000e+00
1.000000000000000000e+00 1.411764705882352922e-01 0.000000000000000000e+00
1.000000000000000000e+00 1.176470588235294101e-01 0.000000000000000000e+00
1.000000000000000000e+00 9.411764705882352811e-02 0.000000000000000000e+00
1.000000000000000000e+00 7.058823529411764608e-02 0.000000000000000000e+00
1.000000000000000000e+00 4.705882352941176405e-02 0.000000000000000000e+00
1.000000000000000000e+00 2.352941176470588203e-02 0.000000000000000000e+00
1.000000000000000000e+00 0.000000000000000000e+00 0.000000000000000000e+00
