6.064257028112449710e-01 5.742971887550201160e-01 5.863453815261043811e-01
6.144578313253011848e-01 5.542168674698795261e-01 5.783132530120481674e-01
6.184738955823293471e-01 5.301204819277108848e-01 5.662650602409639022e-01
6.265060240963855609e-01 5.140562248995983463e-01 5.582329317269075775e-01
6.345381526104417746e-01 4.899598393574297051e-01 5.461847389558233123e-01
6.425702811244979884e-01 4.658634538152610638e-01 5.381526104417670986e-01
6.506024096385542022e-01 4.457831325301204739e-01 5.261044176706827225e-01
6.586345381526104159e-01 4.216867469879518326e-01 5.180722891566265087e-01
6.626506024096385783e-01 4.016064257028112428e-01 5.100401606425702949e-01
6.706827309236947920e-01 3.775100401606425460e-01 5.020080321285140812e-01
6.787148594377510058e-01 3.534136546184739047e-01 4.899598393574297051e-01
6.867469879518072196e-01 3.333333333333333148e-01 4.779116465863453844e-01
6.947791164658634333e-01 3.092369477911646736e-01 4.698795180722891707e-01
6.987951807228915957e-01 2.891566265060240837e-01 4.578313253012047945e-01
7.068273092369478094e-01 2.650602409638554424e-01 4.497991967871485808e-01
7.148594377510040232e-01 2.409638554216867457e-01 4.377510040160642601e-01
7.228915662650602370e-01 2.208835341365461835e-01 4.297188755020080464e-01
7.309236947791164507e-01 1.967871485943775145e-01 4.176706827309236703e-01
7.389558232931726645e-01 1.767068273092369524e-01 4.096385542168674565e-01
7.429718875502008268e-01 1.526104417670682833e-01 3.975903614457831359e-01
7.510040160642570406e-01 1.285140562248995866e-01 3.895582329317269221e-01
7.590361445783132543e-01 1.084337349397590383e-01 3.775100401606425460e-01
7.670682730923694681e-01 8.433734939759035543e-02 3.654618473895582254e-01
7.751004016064256819e-01 6.425702811244979329e-02 3.574297188755020116e-01
7.791164658634538442e-01 4.016064257028112428e-02 3.453815261044176910e-01
7.871485943775100580e-01 4.016064257028112428e-02 3.373493975903614217e-01
7.951807228915662717e-01 4.016064257028112428e-02 3.253012048192771011e-01
8.032128514056224855e-01 4.016064257028112428e-02 3.172690763052208873e-01
8.112449799196786993e-01 4.016064257028112428e-02 3.052208835341365667e-01
8.192771084337349130e-01 4.016064257028112428e-02 2.971887550200802974e-01
8.232931726907630754e-01 4.016064257028112428e-02 2.851405622489959768e-01
8.313253012048192891e-01 4.016064257028112428e-02 2.771084337349397630e-01
8.393574297188755029e-01 4.016064257028112428e-02 2.650602409638554424e-01
8.473895582329317167e-01 4.016064257028112428e-02 2.530120481927710663e-01
8.554216867469879304e-01 4.016064257028112428e-02 2.449799196787148525e-01
8.594377510040160928e-01 4.016064257028112428e-02 2.329317269076305319e-01
8.674698795180723065e-01 4.016064257028112428e-02 2.248995983935742904e-01
8.755020080321285203e-01 4.016064257028112428e-02 2.128514056224899698e-01
8.835341365461847341e-01 4.016064257028112428e-02 2.048192771084337283e-01
8.915662650602409478e-01 4.016064257028112428e-02 1.927710843373494076e-01
8.995983935742971616e-01 4.016064257028112428e-02 1.847389558232931661e-01
9.036144578313253239e-01 4.016064257028112428e-02 1.726907630522088455e-01
9.116465863453815377e-01 4.016064257028112428e-02 1.646586345381526040e-01
9.196787148594377514e-01 4.016064257028112428e-02 1.526104417670682833e-01
9.277108433734939652e-01 4.016064257028112428e-02 1.405622489959839350e-01
9.357429718875501790e-01 4.016064257028112428e-02 1.325301204819277212e-01
9.397590361445783413e-01 4.016064257028112428e-02 1.204819277108433728e-01
9.477911646586345551e-01 4.016064257028112428e-02 1.124497991967871452e-01
9.558232931726907688e-01 4.016064257028112428e-02 1.004016064257028107e-01
9.638554216867469826e-01 4.016064257028112428e-02 9.236947791164658306e-02
9.718875502008031964e-01 4.016064257028112428e-02 8.032128514056224855e-02
9.799196787148594101e-01 4.016064257028112428e-02 7.228915662650602092e-02
9.839357429718875725e-01 4.016064257028112428e-02 6.024096385542168641e-02
9.919678714859437862e-01 4.016064257028112428e-02 5.220883534136545878e-02
1.000000000000000000e+00 4.016064257028112428e-02 4.016064257028112428e-02
9.919678714859437862e-01 4.819277108433735191e-02 4.016064257028112428e-02
9.799196787148594101e-01 6.024096385542168641e-02 4.016064257028112428e-02
9.718875502008031964e-01 6.827309236947791404e-02 4.016064257028112428e-02
9.598393574297188202e-01 8.032128514056224855e-02 4.016064257028112428e-02
9.518072289156626065e-01 8.835341365461847618e-02 4.016064257028112428e-02
9.437751004016063927e-01 9.638554216867470381e-02 4.016064257028112428e-02
9.317269076305221276e-01 1.084337349397590383e-01 4.016064257028112428e-02
9.236947791164659138e-01 1.164658634538152659e-01 4.016064257028112428e-02
9.116465863453815377e-01 1.285140562248995866e-01 4.016064257028112428e-02
9.036144578313253239e-01 1.365461847389558281e-01 4.016064257028112428e-02
8.955823293172691102e-01 1.445783132530120418e-01 4.016064257028112428e-02
8.835341365461847341e-01 1.566265060240963902e-01 4.016064257028112428e-02
8.755020080321285203e-01 1.646586345381526040e-01 4.016064257028112428e-02
8.634538152610441442e-01 1.767068273092369524e-01 4.016064257028112428e-02
8.554216867469879304e-01 1.847389558232931661e-01 4.016064257028112428e-02
8.473895582329317167e-01 1.927710843373494076e-01 4.016064257028112428e-02
8.353413654618473405e-01 2.048192771084337283e-01 4.016064257028112428e-02
8.273092369477911268e-01 2.128514056224899698e-01 4.016064257028112428e-02
8.152610441767068616e-01 2.248995983935742904e-01 4.016064257028112428e-02
8.072289156626506479e-01 2.329317269076305319e-01 4.016064257028112428e-02
7.991967871485943231e-01 2.409638554216867457e-01 4.016064257028112428e-02
7.871485943775100580e-01 2.530120481927710663e-01 4.016064257028112428e-02
7.791164658634538442e-01 2.610441767068273355e-01 4.016064257028112428e-02
7.670682730923694681e-01 2.730923694779116562e-01 4.016064257028112428e-02
7.590361445783132543e-01 2.811244979919678699e-01 4.016064257028112428e-02
7.510040160642570406e-01 2.891566265060240837e-01 4.016064257028112428e-02
7.389558232931726645e-01 3.012048192771084598e-01 4.016064257028112428e-02
7.309236947791164507e-01 3.092369477911646736e-01 4.016064257028112428e-02
7.188755020080320746e-01 3.212851405622489942e-01 4.016064257028112428e-02
7.108433734939758608e-01 3.293172690763052080e-01 4.016064257028112428e-02
7.028112449799196471e-01 3.373493975903614217e-01 4.016064257028112428e-02
6.907630522088353819e-01 3.493975903614457978e-01 4.016064257028112428e-02
6.827309236947791682e-01 3.574297188755020116e-01 4.016064257028112428e-02
6.706827309236947920e-01 3.694779116465863322e-01 4.016064257028112428e-02
6.626506024096385783e-01 3.775100401606425460e-01 4.016064257028112428e-02
6.546184738955823645e-01 3.855421686746988152e-01 4.016064257028112428e-02
6.425702811244979884e-01 3.975903614457831359e-01 4.016064257028112428e-02
6.345381526104417746e-01 4.056224899598393496e-01 4.016064257028112428e-02
6.224899598393573985e-01 4.176706827309236703e-01 4.016064257028112428e-02
6.144578313253011848e-01 4.257028112449799395e-01 4.016064257028112428e-02
6.064257028112449710e-01 4.337349397590361533e-01 4.016064257028112428e-02
5.943775100401605949e-01 4.457831325301204739e-01 4.016064257028112428e-02
5.863453815261043811e-01 4.538152610441766877e-01 4.016064257028112428e-02
5.742971887550201160e-01 4.658634538152610638e-01 4.016064257028112428e-02
5.662650602409639022e-01 4.738955823293172775e-01 4.016064257028112428e-02
5.582329317269075775e-01 4.819277108433734913e-01 4.016064257028112428e-02
5.461847389558233123e-01 4.939759036144578119e-01 4.016064257028112428e-02
5.381526104417670986e-01 5.020080321285140812e-01 4.016064257028112428e-02
5.261044176706827225e-01 5.140562248995983463e-01 4.016064257028112428e-02
5.180722891566265087e-01 5.180722891566265087e-01 4.016064257028112428e-02
5.140562248995983463e-01 5.261044176706827225e-01 4.016064257028112428e-02
5.020080321285140812e-01 5.381526104417670986e-01 4.016064257028112428e-02
4.939759036144578119e-01 5.461847389558233123e-01 4.016064257028112428e-02
4.819277108433734913e-01 5.582329317269075775e-01 4.016064257028112428e-02
4.738955823293172775e-01 5.662650602409639022e-01 4.016064257028112428e-02
4.658634538152610638e-01 5.742971887550201160e-01 4.016064257028112428e-02
4.538152610441766877e-01 5.863453815261043811e-01 4.016064257028112428e-02
4.457831325301204739e-01 5.943775100401605949e-01 4.016064257028112428e-02
4.337349397590361533e-01 6.064257028112449710e-01 4.016064257028112428e-02
4.257028112449799395e-01 6.144578313253011848e-01 4.016064257028112428e-02
4.176706827309236703e-01 6.224899598393573985e-01 4.016064257028112428e-02
4.056224899598393496e-01 6.345381526104417746e-01 4.016064257028112428e-02
3.975903614457831359e-01 6.425702811244979884e-01 4.016064257028112428e-02
3.855421686746988152e-01 6.546184738955823645e-01 4.016064257028112428e-02
3.775100401606425460e-01 6.626506024096385783e-01 4.016064257028112428e-02
3.694779116465863322e-01 6.706827309236947920e-01 4.016064257028112428e-02
3.574297188755020116e-01 6.827309236947791682e-01 4.016064257028112428e-02
3.493975903614457978e-01 6.907630522088353819e-01 4.016064257028112428e-02
3.373493975903614217e-01 7.028112449799196471e-01 4.016064257028112428e-02
3.293172690763052080e-01 7.108433734939758608e-01 4.016064257028112428e-02
3.212851405622489942e-01 7.188755020080320746e-01 4.016064257028112428e-02
3.092369477911646736e-01 7.309236947791164507e-01 4.016064257028112428e-02
3.092369477911646736e-01 7.309236947791164507e-01 4.016064257028112428e-02
3.012048192771084598e-01 7.389558232931726645e-01 4.016064257028112428e-02
2.891566265060240837e-01 7.510040160642570406e-01 4.016064257028112428e-02
2.811244979919678699e-01 7.590361445783132543e-01 4.016064257028112428e-02
2.730923694779116562e-01 7.670682730923694681e-01 4.016064257028112428e-02
2.610441767068273355e-01 7.791164658634538442e-01 4.016064257028112428e-02
2.530120481927710663e-01 7.871485943775100580e-01 4.016064257028112428e-02
2.409638554216867457e-01 7.991967871485943231e-01 4.016064257028112428e-02
2.329317269076305319e-01 8.072289156626506479e-01 4.016064257028112428e-02
2.248995983935742904e-01 8.152610441767068616e-01 4.016064257028112428e-02
2.128514056224899698e-01 8.273092369477911268e-01 4.016064257028112428e-02
2.048192771084337283e-01 8.353413654618473405e-01 4.016064257028112428e-02
1.927710843373494076e-01 8.473895582329317167e-01 4.016064257028112428e-02
1.847389558232931661e-01 8.554216867469879304e-01 4.016064257028112428e-02
1.767068273092369524e-01 8.634538152610441442e-01 4.016064257028112428e-02
1.646586345381526040e-01 8.755020080321285203e-01 4.016064257028112428e-02
1.566265060240963902e-01 8.835341365461847341e-01 4.016064257028112428e-02
1.445783132530120418e-01 8.955823293172691102e-01 4.016064257028112428e-02
1.365461847389558281e-01 9.036144578313253239e-01 4.016064257028112428e-02
1.285140562248995866e-01 9.116465863453815377e-01 4.016064257028112428e-02
1.164658634538152659e-01 9.236947791164659138e-01 4.016064257028112428e-02
1.084337349397590383e-01 9.317269076305221276e-01 4.016064257028112428e-02
9.638554216867470381e-02 9.437751004016063927e-01 4.016064257028112428e-02
8.835341365461847618e-02 9.518072289156626065e-01 4.016064257028112428e-02
8.032128514056224855e-02 9.598393574297188202e-01 4.016064257028112428e-02
6.827309236947791404e-02 9.718875502008031964e-01 4.016064257028112428e-02
6.024096385542168641e-02 9.799196787148594101e-01 4.016064257028112428e-02
4.819277108433735191e-02 9.919678714859437862e-01 4.016064257028112428e-02
4.016064257028112428e-02 1.000000000000000000e+00 4.016064257028112428e-02
4.016064257028112428e-02 9.799196787148594101e-01 6.024096385542168641e-02
4.016064257028112428e-02 9.598393574297188202e-01 8.032128514056224855e-02
4.016064257028112428e-02 9.437751004016063927e-01 9.638554216867470381e-02
4.016064257028112428e-02 9.236947791164659138e-01 1.164658634538152659e-01
3.614457831325301046e-02 9.036144578313253239e-01 1.365461847389558281e-01
3.614457831325301046e-02 8.835341365461847341e-01 1.566265060240963902e-01
3.614457831325301046e-02 8.634538152610441442e-01 1.767068273092369524e-01
3.614457831325301046e-02 8.473895582329317167e-01 1.927710843373494076e-01
3.614457831325301046e-02 8.273092369477911268e-01 2.128514056224899698e-01
3.614457831325301046e-02 8.072289156626506479e-01 2.329317269076305319e-01
3.614457831325301046e-02 7.871485943775100580e-01 2.530120481927710663e-01
3.614457831325301046e-02 7.670682730923694681e-01 2.730923694779116562e-01
3.614457831325301046e-02 7.510040160642570406e-01 2.891566265060240837e-01
3.614457831325301046e-02 7.309236947791164507e-01 3.092369477911646736e-01
3.212851405622489664e-02 7.108433734939758608e-01 3.293172690763052080e-01
3.212851405622489664e-02 6.907630522088353819e-01 3.493975903614457978e-01
3.212851405622489664e-02 6.706827309236947920e-01 3.694779116465863322e-01
3.212851405622489664e-02 6.546184738955823645e-01 3.855421686746988152e-01
3.212851405622489664e-02 6.345381526104417746e-01 4.056224899598393496e-01
3.212851405622489664e-02 6.144578313253011848e-01 4.257028112449799395e-01
3.212851405622489664e-02 5.943775100401605949e-01 4.457831325301204739e-01
3.212851405622489664e-02 5.742971887550201160e-01 4.658634538152610638e-01
3.212851405622489664e-02 5.582329317269075775e-01 4.819277108433734913e-01
3.212851405622489664e-02 5.381526104417670986e-01 5.020080321285140812e-01
2.811244979919678630e-02 5.180722891566265087e-01 5.180722891566265087e-01
2.811244979919678630e-02 5.020080321285140812e-01 5.381526104417670986e-01
2.811244979919678630e-02 4.819277108433734913e-01 5.582329317269075775e-01
2.811244979919678630e-02 4.658634538152610638e-01 5.742971887550201160e-01
2.811244979919678630e-02 4.457831325301204739e-01 5.943775100401605949e-01
2.811244979919678630e-02 4.257028112449799395e-01 6.144578313253011848e-01
2.811244979919678630e-02 4.056224899598393496e-01 6.345381526104417746e-01
2.811244979919678630e-02 3.855421686746988152e-01 6.546184738955823645e-01
2.811244979919678630e-02 3.694779116465863322e-01 6.706827309236947920e-01
2.811244979919678630e-02 3.493975903614457978e-01 6.907630522088353819e-01
2.409638554216867595e-02 3.293172690763052080e-01 7.108433734939758608e-01
2.409638554216867595e-02 3.092369477911646736e-01 7.309236947791164507e-01
2.409638554216867595e-02 2.891566265060240837e-01 7.510040160642570406e-01
2.409638554216867595e-02 2.730923694779116562e-01 7.670682730923694681e-01
2.409638554216867595e-02 2.530120481927710663e-01 7.871485943775100580e-01
2.409638554216867595e-02 2.329317269076305319e-01 8.072289156626506479e-01
2.409638554216867595e-02 2.128514056224899698e-01 8.273092369477911268e-01
2.409638554216867595e-02 1.927710843373494076e-01 8.473895582329317167e-01
2.409638554216867595e-02 1.767068273092369524e-01 8.634538152610441442e-01
2.409638554216867595e-02 1.566265060240963902e-01 8.835341365461847341e-01
2.008032128514056214e-02 1.365461847389558281e-01 9.036144578313253239e-01
2.008032128514056214e-02 1.164658634538152659e-01 9.236947791164659138e-01
2.008032128514056214e-02 9.638554216867470381e-02 9.437751004016063927e-01
2.008032128514056214e-02 8.032128514056224855e-02 9.598393574297188202e-01
2.008032128514056214e-02 6.024096385542168641e-02 9.799196787148594101e-01
2.008032128514056214e-02 4.016064257028112428e-02 1.000000000000000000e+00
2.008032128514056214e-02 4.016064257028112428e-02 9.799196787148594101e-01
2.008032128514056214e-02 4.016064257028112428e-02 9.598393574297188202e-01
2.008032128514056214e-02 3.614457831325301046e-02 9.397590361445783413e-01
2.008032128514056214e-02 3.614457831325301046e-02 9.196787148594377514e-01
1.606425702811244832e-02 3.614457831325301046e-02 8.995983935742971616e-01
1.606425702811244832e-02 3.614457831325301046e-02 8.795180722891565717e-01
1.606425702811244832e-02 3.614457831325301046e-02 8.594377510040160928e-01
1.606425702811244832e-02 3.212851405622489664e-02 8.393574297188755029e-01
1.606425702811244832e-02 3.212851405622489664e-02 8.192771084337349130e-01
1.606425702811244832e-02 3.212851405622489664e-02 7.991967871485943231e-01
1.606425702811244832e-02 3.212851405622489664e-02 7.791164658634538442e-01
1.606425702811244832e-02 3.212851405622489664e-02 7.590361445783132543e-01
1.606425702811244832e-02 2.811244979919678630e-02 7.389558232931726645e-01
1.606425702811244832e-02 2.811244979919678630e-02 7.188755020080320746e-01
1.606425702811244832e-02 2.811244979919678630e-02 6.987951807228915957e-01
1.204819277108433798e-02 2.811244979919678630e-02 6.787148594377510058e-01
1.204819277108433798e-02 2.811244979919678630e-02 6.586345381526104159e-01
1.204819277108433798e-02 2.409638554216867595e-02 6.385542168674698260e-01
1.204819277108433798e-02 2.409638554216867595e-02 6.184738955823293471e-01
1.204819277108433798e-02 2.409638554216867595e-02 5.983935742971887572e-01
1.204819277108433798e-02 2.409638554216867595e-02 5.783132530120481674e-01
1.204819277108433798e-02 2.409638554216867595e-02 5.582329317269075775e-01
1.204819277108433798e-02 2.008032128514056214e-02 5.381526104417670986e-01
1.204819277108433798e-02 2.008032128514056214e-02 5.180722891566265087e-01
1.204819277108433798e-02 2.008032128514056214e-02 5.020080321285140812e-01
8.032128514056224161e-03 2.008032128514056214e-02 4.819277108433734913e-01
8.032128514056224161e-03 2.008032128514056214e-02 4.618473895582329569e-01
8.032128514056224161e-03 1.606425702811244832e-02 4.417670682730923670e-01
8.032128514056224161e-03 1.606425702811244832e-02 4.216867469879518326e-01
8.032128514056224161e-03 1.606425702811244832e-02 4.016064257028112428e-01
8.032128514056224161e-03 1.606425702811244832e-02 3.815261044176707084e-01
8.032128514056224161e-03 1.606425702811244832e-02 3.614457831325301185e-01
8.032128514056224161e-03 1.204819277108433798e-02 3.413654618473895841e-01
8.032128514056224161e-03 1.204819277108433798e-02 3.212851405622489942e-01
8.032128514056224161e-03 1.204819277108433798e-02 3.012048192771084598e-01
4.016064257028112081e-03 1.204819277108433798e-02 2.811244979919678699e-01
4.016064257028112081e-03 1.204819277108433798e-02 2.610441767068273355e-01
4.016064257028112081e-03 8.032128514056224161e-03 2.409638554216867457e-01
4.016064257028112081e-03 8.032128514056224161e-03 2.208835341365461835e-01
4.016064257028112081e-03 8.032128514056224161e-03 2.008032128514056214e-01
4.016064257028112081e-03 8.032128514056224161e-03 1.807228915662650592e-01
4.016064257028112081e-03 8.032128514056224161e-03 1.606425702811244971e-01
4.016064257028112081e-03 4.016064257028112081e-03 1.405622489959839350e-01
4.016064257028112081e-03 4.016064257028112081e-03 1.204819277108433728e-01
0.000000000000000000e+00 4.016064257028112081e-03 1.004016064257028107e-01
0.000000000000000000e+00 4.016064257028112081e-03 8.032128514056224855e-02
0.000000000000000000e+00 4.016064257028112081e-03 6.024096385542168641e-02
0.000000000000000000e+00 0.000000000000000000e+00 4.016064257028112428e-02
0.000000000000000000e+00 0.000000000000000000e+00 2.008032128514056214e-02
0.000000000000000000e+00 0.000000000000000000e+00 0.000000000000000000e+00
