1.000000000000000000e+00 1.459227467811158863e-01 6.866952789699570792e-02
9.957081545064377925e-01 1.587982832618025641e-01 6.866952789699570792e-02
9.957081545064377925e-01 1.759656652360515050e-01 6.866952789699570792e-02
9.957081545064377925e-01 1.888412017167382106e-01 6.866952789699570792e-02
9.957081545064377925e-01 2.017167381974248885e-01 6.866952789699570792e-02
9.957081545064377925e-01 2.188841201716738294e-01 6.866952789699570792e-02
9.914163090128755851e-01 2.317596566523605073e-01 6.866952789699570792e-02
9.914163090128755851e-01 2.446351931330472129e-01 6.866952789699570792e-02
9.914163090128755851e-01 2.618025751072961538e-01 6.866952789699570792e-02
9.914163090128755851e-01 2.746781115879828317e-01 6.866952789699570792e-02
9.914163090128755851e-01 2.875536480686695096e-01 6.866952789699570792e-02
9.871244635193132666e-01 3.047210300429184504e-01 6.866952789699570792e-02
9.871244635193132666e-01 3.175965665236051283e-01 7.296137339055794313e-02
9.871244635193132666e-01 3.304721030042918617e-01 7.296137339055794313e-02
9.871244635193132666e-01 3.433476394849785396e-01 7.296137339055794313e-02
9.871244635193132666e-01 3.605150214592274804e-01 7.296137339055794313e-02
9.871244635193132666e-01 3.733905579399141583e-01 7.296137339055794313e-02
9.828326180257510591e-01 3.862660944206008362e-01 7.296137339055794313e-02
9.828326180257510591e-01 4.034334763948497771e-01 7.296137339055794313e-02
9.828326180257510591e-01 4.163090128755364550e-01 7.296137339055794313e-02
9.828326180257510591e-01 4.291845493562231884e-01 7.296137339055794313e-02
9.828326180257510591e-01 4.420600858369098662e-01 7.296137339055794313e-02
9.785407725321888517e-01 4.549356223175965441e-01 7.296137339055794313e-02
9.785407725321888517e-01 4.721030042918454850e-01 7.296137339055794313e-02
9.785407725321888517e-01 4.849785407725321629e-01 7.296137339055794313e-02
9.785407725321888517e-01 4.978540772532188963e-01 7.296137339055794313e-02
9.785407725321888517e-01 5.107296137339055742e-01 7.296137339055794313e-02
9.785407725321888517e-01 5.236051502145923076e-01 7.296137339055794313e-02
9.742489270386266442e-01 5.407725321888412484e-01 7.296137339055794313e-02
9.742489270386266442e-01 5.536480686695278708e-01 7.296137339055794313e-02
9.742489270386266442e-01 5.665236051502146042e-01 7.725321888412017834e-02
9.742489270386266442e-01 5.793991416309013376e-01 7.725321888412017834e-02
9.742489270386266442e-01 5.922746781115879600e-01 7.725321888412017834e-02
9.699570815450643257e-01 6.051502145922746934e-01 7.725321888412017834e-02
9.699570815450643257e-01 6.223175965665236342e-01 7.725321888412017834e-02
9.699570815450643257e-01 6.351931330472102566e-01 7.725321888412017834e-02
9.699570815450643257e-01 6.480686695278969900e-01 7.725321888412017834e-02
9.699570815450643257e-01 6.609442060085837234e-01 7.725321888412017834e-02
9.656652360515021183e-01 6.738197424892703458e-01 7.725321888412017834e-02
9.656652360515021183e-01 6.866952789699570792e-01 7.725321888412017834e-02
9.656652360515021183e-01 6.995708154506438126e-01 7.725321888412017834e-02
9.656652360515021183e-01 7.124463519313304349e-01 7.725321888412017834e-02
9.656652360515021183e-01 7.253218884120171683e-01 7.725321888412017834e-02
9.656652360515021183e-01 7.381974248927039017e-01 7.725321888412017834e-02
9.613733905579399108e-01 7.510729613733905241e-01 7.725321888412017834e-02
9.613733905579399108e-01 7.639484978540772575e-01 7.725321888412017834e-02
9.613733905579399108e-01 7.811158798283261984e-01 7.725321888412017834e-02
9.613733905579399108e-01 7.939914163090128207e-01 7.725321888412017834e-02
9.613733905579399108e-01 8.068669527896995541e-01 8.154506437768239968e-02
9.570815450643777034e-01 8.197424892703862875e-01 8.154506437768239968e-02
9.570815450643777034e-01 8.326180257510729099e-01 8.154506437768239968e-02
9.570815450643777034e-01 8.454935622317596433e-01 8.154506437768239968e-02
9.570815450643777034e-01 8.583690987124463767e-01 8.154506437768239968e-02
9.570815450643777034e-01 8.712446351931329991e-01 8.154506437768239968e-02
9.570815450643777034e-01 8.841201716738197325e-01 8.154506437768239968e-02
9.527896995708154959e-01 8.969957081545064659e-01 8.154506437768239968e-02
9.527896995708154959e-01 9.098712446351930883e-01 8.154506437768239968e-02
9.527896995708154959e-01 9.184549356223176142e-01 8.154506437768239968e-02
9.527896995708154959e-01 9.313304721030042366e-01 8.154506437768239968e-02
9.527896995708154959e-01 9.442060085836909700e-01 8.154506437768239968e-02
9.442060085836909700e-01 9.484978540772531774e-01 8.154506437768239968e-02
9.270386266094420291e-01 9.484978540772531774e-01 8.154506437768239968e-02
9.141630901287554067e-01 9.484978540772531774e-01 8.154506437768239968e-02
9.012875536480686733e-01 9.484978540772531774e-01 8.154506437768239968e-02
8.841201716738197325e-01 9.484978540772531774e-01 8.154506437768239968e-02
8.755364806866953176e-01 9.484978540772531774e-01 8.154506437768239968e-02
8.626609442060085842e-01 9.442060085836909700e-01 8.154506437768239968e-02
8.497854077253218508e-01 9.442060085836909700e-01 8.154506437768239968e-02
8.412017167381974359e-01 9.442060085836909700e-01 8.583690987124463490e-02
8.283261802575107025e-01 9.442060085836909700e-01 8.583690987124463490e-02
8.154506437768240801e-01 9.442060085836909700e-01 8.583690987124463490e-02
8.068669527896995541e-01 9.442060085836909700e-01 8.583690987124463490e-02
7.939914163090128207e-01 9.399141630901287625e-01 8.583690987124463490e-02
7.811158798283261984e-01 9.399141630901287625e-01 8.583690987124463490e-02
7.725321888412016724e-01 9.399141630901287625e-01 8.583690987124463490e-02
7.596566523605150500e-01 9.399141630901287625e-01 8.583690987124463490e-02
7.467811158798283167e-01 9.399141630901287625e-01 8.583690987124463490e-02
7.381974248927039017e-01 9.399141630901287625e-01 8.583690987124463490e-02
7.253218884120171683e-01 9.399141630901287625e-01 8.583690987124463490e-02
7.124463519313304349e-01 9.356223175965665551e-01 8.583690987124463490e-02
7.038626609442060200e-01 9.356223175965665551e-01 8.583690987124463490e-02
6.909871244635192866e-01 9.356223175965665551e-01 8.583690987124463490e-02
6.824034334763948717e-01 9.356223175965665551e-01 8.583690987124463490e-02
6.695278969957081383e-01 9.356223175965665551e-01 8.583690987124463490e-02
6.566523605150214049e-01 9.356223175965665551e-01 8.583690987124463490e-02
6.480686695278969900e-01 9.313304721030042366e-01 8.583690987124463490e-02
6.351931330472102566e-01 9.313304721030042366e-01 8.583690987124463490e-02
6.223175965665236342e-01 9.313304721030042366e-01 8.583690987124463490e-02
6.008583690987124859e-01 9.313304721030042366e-01 8.583690987124463490e-02
5.751072961373390191e-01 9.313304721030042366e-01 9.012875536480687011e-02
5.536480686695278708e-01 9.270386266094420291e-01 9.012875536480687011e-02
5.278969957081545150e-01 9.270386266094420291e-01 9.012875536480687011e-02
5.064377682403433667e-01 9.270386266094420291e-01 9.012875536480687011e-02
4.806866952789699554e-01 9.227467811158798217e-01 9.012875536480687011e-02
4.592274678111588071e-01 9.227467811158798217e-01 9.012875536480687011e-02
4.334763948497853958e-01 9.227467811158798217e-01 9.012875536480687011e-02
4.120171673819742475e-01 9.184549356223176142e-01 9.012875536480687011e-02
3.862660944206008362e-01 9.184549356223176142e-01 9.012875536480687011e-02
3.648068669527896879e-01 9.184549356223176142e-01 9.012875536480687011e-02
3.390557939914163321e-01 9.141630901287554067e-01 9.012875536480687011e-02
3.175965665236051283e-01 9.141630901287554067e-01 9.012875536480687011e-02
2.961373390557939800e-01 9.141630901287554067e-01 9.442060085836910532e-02
2.703862660944206242e-01 9.098712446351930883e-01 9.442060085836910532e-02
2.489270386266094481e-01 9.098712446351930883e-01 9.442060085836910532e-02
2.274678111587982721e-01 9.098712446351930883e-01 9.442060085836910532e-02
2.060085836909871237e-01 9.055793991416308808e-01 9.442060085836910532e-02
1.802575107296137402e-01 9.055793991416308808e-01 9.442060085836910532e-02
1.587982832618025641e-01 9.055793991416308808e-01 9.442060085836910532e-02
1.373390557939914158e-01 9.012875536480686733e-01 9.442060085836910532e-02
1.158798283261802536e-01 9.012875536480686733e-01 9.442060085836910532e-02
9.442060085836910532e-02 9.012875536480686733e-01 9.871244635193132666e-02
9.442060085836910532e-02 8.969957081545064659e-01 1.201716738197424889e-01
9.442060085836910532e-02 8.969957081545064659e-01 1.416309012875536510e-01
9.871244635193132666e-02 8.969957081545064659e-01 1.673819742489270346e-01
9.871244635193132666e-02 8.927038626609442584e-01 1.888412017167382106e-01
9.871244635193132666e-02 8.927038626609442584e-01 2.103004291845493590e-01
9.871244635193132666e-02 8.927038626609442584e-01 2.317596566523605073e-01
9.871244635193132666e-02 8.884120171673819399e-01 2.532188841201716833e-01
9.871244635193132666e-02 8.884120171673819399e-01 2.746781115879828317e-01
9.871244635193132666e-02 8.884120171673819399e-01 2.961373390557939800e-01
9.871244635193132666e-02 8.841201716738197325e-01 3.175965665236051283e-01
9.871244635193132666e-02 8.841201716738197325e-01 3.390557939914163321e-01
9.871244635193132666e-02 8.841201716738197325e-01 3.605150214592274804e-01
9.871244635193132666e-02 8.798283261802575250e-01 3.819742489270386288e-01
9.871244635193132666e-02 8.798283261802575250e-01 4.034334763948497771e-01
9.871244635193132666e-02 8.798283261802575250e-01 4.248927038626609254e-01
1.030042918454935619e-01 8.755364806866953176e-01 4.463519313304721292e-01
1.030042918454935619e-01 8.755364806866953176e-01 4.678111587982832775e-01
1.030042918454935619e-01 8.755364806866953176e-01 4.892703862660944258e-01
1.030042918454935619e-01 8.712446351931329991e-01 5.107296137339055742e-01
1.030042918454935619e-01 8.712446351931329991e-01 5.321888412017167225e-01
1.030042918454935619e-01 8.712446351931329991e-01 5.536480686695278708e-01
1.030042918454935619e-01 8.669527896995707916e-01 5.708154506437768116e-01
1.030042918454935619e-01 8.669527896995707916e-01 5.922746781115879600e-01
1.030042918454935619e-01 8.669527896995707916e-01 6.137339055793991083e-01
1.030042918454935619e-01 8.626609442060085842e-01 6.351931330472102566e-01
1.030042918454935619e-01 8.626609442060085842e-01 6.437768240343347825e-01
1.030042918454935619e-01 8.626609442060085842e-01 6.566523605150214049e-01
1.030042918454935619e-01 8.626609442060085842e-01 6.695278969957081383e-01
1.030042918454935619e-01 8.583690987124463767e-01 6.824034334763948717e-01
1.030042918454935619e-01 8.583690987124463767e-01 6.952789699570814941e-01
1.030042918454935619e-01 8.583690987124463767e-01 7.081545064377682275e-01
1.030042918454935619e-01 8.583690987124463767e-01 7.167381974248927534e-01
1.072961373390557971e-01 8.583690987124463767e-01 7.296137339055793758e-01
1.072961373390557971e-01 8.540772532188841693e-01 7.424892703862661092e-01
1.072961373390557971e-01 8.540772532188841693e-01 7.553648068669528426e-01
1.072961373390557971e-01 8.540772532188841693e-01 7.639484978540772575e-01
1.072961373390557971e-01 8.540772532188841693e-01 7.768240343347639909e-01
1.072961373390557971e-01 8.540772532188841693e-01 7.896995708154506133e-01
1.072961373390557971e-01 8.497854077253218508e-01 8.025751072961373467e-01
1.072961373390557971e-01 8.497854077253218508e-01 8.154506437768240801e-01
1.072961373390557971e-01 8.497854077253218508e-01 8.240343347639484950e-01
1.072961373390557971e-01 8.497854077253218508e-01 8.369098712446352284e-01
1.072961373390557971e-01 8.497854077253218508e-01 8.497854077253218508e-01
1.072961373390557971e-01 8.326180257510729099e-01 8.454935622317596433e-01
1.072961373390557971e-01 8.197424892703862875e-01 8.454935622317596433e-01
1.072961373390557971e-01 8.068669527896995541e-01 8.454935622317596433e-01
1.072961373390557971e-01 7.939914163090128207e-01 8.454935622317596433e-01
1.072961373390557971e-01 7.811158798283261984e-01 8.454935622317596433e-01
1.072961373390557971e-01 7.682403433476394650e-01 8.412017167381974359e-01
1.072961373390557971e-01 7.553648068669528426e-01 8.412017167381974359e-01
1.072961373390557971e-01 7.424892703862661092e-01 8.412017167381974359e-01
1.072961373390557971e-01 7.296137339055793758e-01 8.412017167381974359e-01
1.072961373390557971e-01 7.167381974248927534e-01 8.412017167381974359e-01
1.072961373390557971e-01 7.038626609442060200e-01 8.369098712446352284e-01
1.072961373390557971e-01 6.909871244635192866e-01 8.369098712446352284e-01
1.072961373390557971e-01 6.781115879828326642e-01 8.369098712446352284e-01
1.115879828326180323e-01 6.652360515021459308e-01 8.369098712446352284e-01
1.115879828326180323e-01 6.523605150214591974e-01 8.369098712446352284e-01
1.115879828326180323e-01 6.394849785407725751e-01 8.326180257510729099e-01
1.115879828326180323e-01 6.266094420600858417e-01 8.326180257510729099e-01
1.115879828326180323e-01 6.137339055793991083e-01 8.326180257510729099e-01
1.115879828326180323e-01 6.008583690987124859e-01 8.326180257510729099e-01
1.115879828326180323e-01 5.879828326180257525e-01 8.326180257510729099e-01
1.115879828326180323e-01 5.751072961373390191e-01 8.283261802575107025e-01
1.115879828326180323e-01 5.622317596566523967e-01 8.283261802575107025e-01
1.115879828326180323e-01 5.493562231759656633e-01 8.283261802575107025e-01
1.115879828326180323e-01 5.364806866952789299e-01 8.283261802575107025e-01
1.115879828326180323e-01 5.236051502145923076e-01 8.283261802575107025e-01
1.115879828326180323e-01 5.107296137339055742e-01 8.240343347639484950e-01
1.115879828326180323e-01 4.978540772532188963e-01 8.240343347639484950e-01
1.115879828326180323e-01 4.892703862660944258e-01 8.240343347639484950e-01
1.115879828326180323e-01 4.763948497854077480e-01 8.240343347639484950e-01
1.115879828326180323e-01 4.635193133047210146e-01 8.240343347639484950e-01
1.115879828326180323e-01 4.506437768240343367e-01 8.197424892703862875e-01
1.115879828326180323e-01 4.377682403433476588e-01 8.197424892703862875e-01
1.115879828326180323e-01 4.248927038626609254e-01 8.197424892703862875e-01
1.115879828326180323e-01 4.120171673819742475e-01 8.197424892703862875e-01
1.072961373390557971e-01 4.034334763948497771e-01 8.154506437768240801e-01
1.030042918454935619e-01 3.905579399141630992e-01 8.111587982832617616e-01
9.871244635193132666e-02 3.776824034334764213e-01 8.068669527896995541e-01
9.442060085836910532e-02 3.648068669527896879e-01 8.025751072961373467e-01
9.012875536480687011e-02 3.519313304721030100e-01 7.982832618025751392e-01
8.583690987124463490e-02 3.433476394849785396e-01 7.939914163090128207e-01
8.154506437768239968e-02 3.304721030042918617e-01 7.896995708154506133e-01
7.725321888412017834e-02 3.175965665236051283e-01 7.854077253218884058e-01
7.296137339055794313e-02 3.047210300429184504e-01 7.811158798283261984e-01
6.866952789699570792e-02 2.961373390557939800e-01 7.768240343347639909e-01
6.866952789699570792e-02 2.832618025751073021e-01 7.725321888412016724e-01
6.437768240343347270e-02 2.703862660944206242e-01 7.682403433476394650e-01
6.008583690987124443e-02 2.575107296137338908e-01 7.639484978540772575e-01
5.579399141630901615e-02 2.489270386266094481e-01 7.596566523605150500e-01
5.150214592274678094e-02 2.360515021459227425e-01 7.553648068669528426e-01
4.721030042918455266e-02 2.231759656652360646e-01 7.510729613733905241e-01
4.291845493562231745e-02 2.103004291845493590e-01 7.467811158798283167e-01
3.862660944206008917e-02 2.017167381974248885e-01 7.424892703862661092e-01
3.433476394849785396e-02 1.888412017167382106e-01 7.381974248927039017e-01
3.433476394849785396e-02 1.759656652360515050e-01 7.339055793991415833e-01
3.004291845493562221e-02 1.673819742489270346e-01 7.296137339055793758e-01
2.575107296137339047e-02 1.545064377682403567e-01 7.253218884120171683e-01
2.145922746781115872e-02 1.416309012875536510e-01 7.253218884120171683e-01
1.716738197424892698e-02 1.330472103004291806e-01 7.210300429184549609e-01
1.287553648068669523e-02 1.201716738197424889e-01 7.167381974248927534e-01
1.287553648068669523e-02 1.115879828326180323e-01 7.124463519313304349e-01
8.583690987124463490e-03 9.871244635193132666e-02 7.081545064377682275e-01
4.291845493562231745e-03 8.583690987124463490e-02 7.038626609442060200e-01
0.000000000000000000e+00 7.725321888412017834e-02 6.995708154506438126e-01
0.000000000000000000e+00 6.437768240343347270e-02 6.952789699570814941e-01
0.000000000000000000e+00 5.579399141630901615e-02 6.909871244635192866e-01
0.000000000000000000e+00 4.721030042918455266e-02 6.866952789699570792e-01
0.000000000000000000e+00 3.862660944206008917e-02 6.781115879828326642e-01
0.000000000000000000e+00 3.004291845493562221e-02 6.738197424892703458e-01
0.000000000000000000e+00 2.145922746781115872e-02 6.695278969957081383e-01
0.000000000000000000e+00 1.287553648068669523e-02 6.652360515021459308e-01
0.000000000000000000e+00 4.291845493562231745e-03 6.609442060085837234e-01
4.291845493562231745e-03 0.000000000000000000e+00 6.566523605150214049e-01
1.287553648068669523e-02 0.000000000000000000e+00 6.523605150214591974e-01
2.145922746781115872e-02 0.000000000000000000e+00 6.480686695278969900e-01
3.004291845493562221e-02 0.000000000000000000e+00 6.394849785407725751e-01
3.862660944206008917e-02 0.000000000000000000e+00 6.351931330472102566e-01
4.291845493562231745e-02 4.291845493562231745e-03 6.309012875536480491e-01
5.150214592274678094e-02 4.291845493562231745e-03 6.266094420600858417e-01
6.008583690987124443e-02 4.291845493562231745e-03 6.223175965665236342e-01
6.866952789699570792e-02 4.291845493562231745e-03 6.180257510729614268e-01
7.725321888412017834e-02 4.291845493562231745e-03 6.137339055793991083e-01
8.154506437768239968e-02 4.291845493562231745e-03 6.094420600858369008e-01
9.012875536480687011e-02 4.291845493562231745e-03 6.051502145922746934e-01
9.871244635193132666e-02 4.291845493562231745e-03 5.965665236051501674e-01
1.030042918454935619e-01 4.291845493562231745e-03 5.922746781115879600e-01
1.115879828326180323e-01 4.291845493562231745e-03 5.879828326180257525e-01
1.158798283261802536e-01 4.291845493562231745e-03 5.836909871244635450e-01
1.244635193133047241e-01 4.291845493562231745e-03 5.793991416309013376e-01
1.287553648068669454e-01 4.291845493562231745e-03 5.751072961373390191e-01
1.373390557939914158e-01 4.291845493562231745e-03 5.708154506437768116e-01
1.416309012875536510e-01 4.291845493562231745e-03 5.665236051502146042e-01
1.502145922746781215e-01 4.291845493562231745e-03 5.622317596566523967e-01
1.545064377682403567e-01 4.291845493562231745e-03 5.536480686695278708e-01
1.587982832618025641e-01 8.583690987124463490e-03 5.493562231759656633e-01
1.673819742489270346e-01 8.583690987124463490e-03 5.450643776824034559e-01
1.716738197424892698e-01 8.583690987124463490e-03 5.407725321888412484e-01
1.759656652360515050e-01 8.583690987124463490e-03 5.364806866952789299e-01
1.802575107296137402e-01 8.583690987124463490e-03 5.321888412017167225e-01
1.888412017167382106e-01 8.583690987124463490e-03 5.278969957081545150e-01
1.931330472103004181e-01 8.583690987124463490e-03 5.236051502145923076e-01
1.974248927038626533e-01 8.583690987124463490e-03 5.150214592274677816e-01
2.017167381974248885e-01 8.583690987124463490e-03 5.107296137339055742e-01
