1.000000000000000000e+00 1.000000000000000000e+00 1.000000000000000000e+00
1.000000000000000000e+00 1.000000000000000000e+00 9.686274509803921573e-01
1.000000000000000000e+00 1.000000000000000000e+00 9.529411764705881804e-01
1.000000000000000000e+00 1.000000000000000000e+00 9.372549019607843146e-01
1.000000000000000000e+00 1.000000000000000000e+00 9.215686274509803377e-01
1.000000000000000000e+00 1.000000000000000000e+00 9.058823529411764719e-01
1.000000000000000000e+00 1.000000000000000000e+00 8.901960784313724950e-01
1.000000000000000000e+00 1.000000000000000000e+00 8.745098039215686292e-01
1.000000000000000000e+00 1.000000000000000000e+00 8.588235294117646523e-01
1.000000000000000000e+00 1.000000000000000000e+00 8.431372549019607865e-01
1.000000000000000000e+00 1.000000000000000000e+00 8.274509803921568096e-01
1.000000000000000000e+00 1.000000000000000000e+00 8.117647058823529438e-01
1.000000000000000000e+00 1.000000000000000000e+00 7.960784313725489669e-01
1.000000000000000000e+00 1.000000000000000000e+00 7.803921568627451011e-01
1.000000000000000000e+00 1.000000000000000000e+00 7.647058823529411242e-01
1.000000000000000000e+00 1.000000000000000000e+00 7.490196078431372584e-01
1.000000000000000000e+00 1.000000000000000000e+00 7.333333333333332815e-01
1.000000000000000000e+00 1.000000000000000000e+00 7.176470588235294157e-01
1.000000000000000000e+00 1.000000000000000000e+00 7.019607843137254388e-01
1.000000000000000000e+00 1.000000000000000000e+00 6.862745098039215730e-01
1.000000000000000000e+00 1.000000000000000000e+00 6.705882352941175961e-01
1.000000000000000000e+00 1.000000000000000000e+00 6.549019607843137303e-01
1.000000000000000000e+00 1.000000000000000000e+00 6.392156862745097534e-01
1.000000000000000000e+00 1.000000000000000000e+00 6.235294117647058876e-01
1.000000000000000000e+00 1.000000000000000000e+00 6.078431372549019107e-01
1.000000000000000000e+00 1.000000000000000000e+00 5.921568627450980449e-01
1.000000000000000000e+00 1.000000000000000000e+00 5.764705882352940680e-01
1.000000000000000000e+00 1.000000000000000000e+00 5.607843137254902022e-01
1.000000000000000000e+00 1.000000000000000000e+00 5.450980392156862253e-01
1.000000000000000000e+00 1.000000000000000000e+00 5.294117647058823595e-01
1.000000000000000000e+00 1.000000000000000000e+00 5.137254901960783826e-01
1.000000000000000000e+00 1.000000000000000000e+00 4.980392156862745168e-01
1.000000000000000000e+00 1.000000000000000000e+00 4.823529411764705954e-01
1.000000000000000000e+00 1.000000000000000000e+00 4.666666666666666741e-01
1.000000000000000000e+00 1.000000000000000000e+00 4.509803921568627527e-01
1.000000000000000000e+00 1.000000000000000000e+00 4.352941176470588314e-01
1.000000000000000000e+00 1.000000000000000000e+00 4.196078431372549100e-01
1.000000000000000000e+00 1.000000000000000000e+00 4.039215686274509887e-01
1.000000000000000000e+00 1.000000000000000000e+00 3.882352941176470673e-01
1.000000000000000000e+00 1.000000000000000000e+00 3.725490196078431460e-01
1.000000000000000000e+00 1.000000000000000000e+00 3.568627450980392246e-01
1.000000000000000000e+00 1.000000000000000000e+00 3.411764705882353033e-01
1.000000000000000000e+00 1.000000000000000000e+00 3.254901960784313819e-01
1.000000000000000000e+00 1.000000000000000000e+00 3.098039215686274606e-01
1.000000000000000000e+00 1.000000000000000000e+00 2.941176470588235392e-01
1.000000000000000000e+00 1.000000000000000000e+00 2.784313725490196179e-01
1.000000000000000000e+00 1.000000000000000000e+00 2.627450980392156965e-01
1.000000000000000000e+00 1.000000000000000000e+00 2.470588235294117752e-01
1.000000000000000000e+00 1.000000000000000000e+00 2.313725490196078538e-01
1.000000000000000000e+00 1.000000000000000000e+00 2.156862745098039325e-01
1.000000000000000000e+00 1.000000000000000000e+00 2.000000000000000111e-01
1.000000000000000000e+00 1.000000000000000000e+00 1.843137254901960898e-01
1.000000000000000000e+00 1.000000000000000000e+00 1.686274509803921684e-01
1.000000000000000000e+00 1.000000000000000000e+00 1.529411764705882470e-01
1.000000000000000000e+00 1.000000000000000000e+00 1.372549019607843257e-01
1.000000000000000000e+00 1.000000000000000000e+00 1.215686274509803905e-01
1.000000000000000000e+00 1.000000000000000000e+00 1.058823529411764691e-01
1.000000000000000000e+00 1.000000000000000000e+00 9.019607843137254777e-02
1.000000000000000000e+00 1.000000000000000000e+00 7.450980392156862642e-02
1.000000000000000000e+00 1.000000000000000000e+00 5.882352941176470507e-02
1.000000000000000000e+00 1.000000000000000000e+00 4.313725490196078372e-02
1.000000000000000000e+00 1.000000000000000000e+00 2.745098039215686236e-02
1.000000000000000000e+00 1.000000000000000000e+00 1.176470588235294101e-02
1.000000000000000000e+00 1.000000000000000000e+00 0.000000000000000000e+00
1.000000000000000000e+00 1.000000000000000000e+00 0.000000000000000000e+00
9.686274509803921573e-01 1.000000000000000000e+00 0.000000000000000000e+00
9.529411764705881804e-01 1.000000000000000000e+00 0.000000000000000000e+00
9.372549019607843146e-01 1.000000000000000000e+00 0.000000000000000000e+00
9.215686274509803377e-01 1.000000000000000000e+00 0.000000000000000000e+00
9.058823529411764719e-01 1.000000000000000000e+00 0.000000000000000000e+00
8.901960784313724950e-01 1.000000000000000000e+00 0.000000000000000000e+00
8.745098039215686292e-01 1.000000000000000000e+00 0.000000000000000000e+00
8.588235294117646523e-01 1.000000000000000000e+00 0.000000000000000000e+00
8.431372549019607865e-01 1.000000000000000000e+00 0.000000000000000000e+00
8.274509803921568096e-01 1.000000000000000000e+00 0.000000000000000000e+00
8.117647058823529438e-01 1.000000000000000000e+00 0.000000000000000000e+00
7.960784313725489669e-01 1.000000000000000000e+00 0.000000000000000000e+00
7.803921568627451011e-01 1.000000000000000000e+00 0.000000000000000000e+00
7.647058823529411242e-01 1.000000000000000000e+00 0.000000000000000000e+00
7.490196078431372584e-01 1.000000000000000000e+00 0.000000000000000000e+00
7.333333333333332815e-01 1.000000000000000000e+00 0.000000000000000000e+00
7.176470588235294157e-01 1.000000000000000000e+00 0.000000000000000000e+00
7.019607843137254388e-01 1.000000000000000000e+00 0.000000000000000000e+00
6.862745098039215730e-01 1.000000000000000000e+00 0.000000000000000000e+00
6.705882352941175961e-01 1.000000000000000000e+00 0.000000000000000000e+00
6.549019607843137303e-01 1.000000000000000000e+00 0.000000000000000000e+00
6.392156862745097534e-01 1.000000000000000000e+00 0.000000000000000000e+00
6.235294117647058876e-01 1.000000000000000000e+00 0.000000000000000000e+00
6.078431372549019107e-01 1.000000000000000000e+00 0.000000000000000000e+00
5.921568627450980449e-01 1.000000000000000000e+00 0.000000000000000000e+00
5.764705882352940680e-01 1.000000000000000000e+00 0.000000000000000000e+00
5.607843137254902022e-01 1.000000000000000000e+00 0.000000000000000000e+00
5.450980392156862253e-01 1.000000000000000000e+00 0.000000000000000000e+00
5.294117647058823595e-01 1.000000000000000000e+00 0.000000000000000000e+00
5.137254901960783826e-01 1.000000000000000000e+00 0.000000000000000000e+00
4.980392156862745168e-01 1.000000000000000000e+00 0.000000000000000000e+00
4.823529411764705954e-01 1.000000000000000000e+00 0.000000000000000000e+00
4.666666666666666741e-01 1.000000000000000000e+00 0.000000000000000000e+00
4.509803921568627527e-01 1.000000000000000000e+00 0.000000000000000000e+00
4.352941176470588314e-01 1.000000000000000000e+00 0.000000000000000000e+00
4.196078431372549100e-01 1.000000000000000000e+00 0.000000000000000000e+00
4.039215686274509887e-01 1.000000000000000000e+00 0.000000000000000000e+00
3.882352941176470673e-01 1.000000000000000000e+00 0.000000000000000000e+00
3.725490196078431460e-01 1.000000000000000000e+00 0.000000000000000000e+00
3.568627450980392246e-01 1.000000000000000000e+00 0.000000000000000000e+00
3.411764705882353033e-01 1.000000000000000000e+00 0.000000000000000000e+00
3.254901960784313819e-01 1.000000000000000000e+00 0.000000000000000000e+00
3.098039215686274606e-01 1.000000000000000000e+00 0.000000000000000000e+00
2.941176470588235392e-01 1.000000000000000000e+00 0.000000000000000000e+00
2.784313725490196179e-01 1.000000000000000000e+00 0.000000000000000000e+00
2.627450980392156965e-01 1.000000000000000000e+00 0.000000000000000000e+00
2.470588235294117752e-01 1.000000000000000000e+00 0.000000000000000000e+00
2.313725490196078538e-01 1.000000000000000000e+00 0.000000000000000000e+00
2.156862745098039325e-01 1.000000000000000000e+00 0.000000000000000000e+00
2.000000000000000111e-01 1.000000000000000000e+00 0.000000000000000000e+00
1.843137254901960898e-01 1.000000000000000000e+00 0.000000000000000000e+00
1.686274509803921684e-01 1.000000000000000000e+00 0.000000000000000000e+00
1.529411764705882470e-01 1.000000000000000000e+00 0.000000000000000000e+00
1.372549019607843257e-01 1.000000000000000000e+00 0.000000000000000000e+00
1.215686274509803905e-01 1.000000000000000000e+00 0.000000000000000000e+00
1.058823529411764691e-01 1.000000000000000000e+00 0.000000000000000000e+00
9.019607843137254777e-02 1.000000000000000000e+00 0.000000000000000000e+00
7.450980392156862642e-02 1.000000000000000000e+00 0.000000000000000000e+00
5.882352941176470507e-02 1.000000000000000000e+00 0.000000000000000000e+00
4.313725490196078372e-02 1.000000000000000000e+00 0.000000000000000000e+00
2.745098039215686236e-02 1.000000000000000000e+00 0.000000000000000000e+00
1.176470588235294101e-02 1.000000000000000000e+00 0.000000000000000000e+00
0.000000000000000000e+00 1.000000000000000000e+00 0.000000000000000000e+00
0.000000000000000000e+00 1.000000000000000000e+00 0.000000000000000000e+00
0.000000000000000000e+00 9.764705882352940902e-01 1.960784313725490169e-02
0.000000000000000000e+00 9.686274509803921573e-01 2.745098039215686236e-02
0.000000000000000000e+00 9.568627450980392579e-01 3.921568627450980338e-02
0.000000000000000000e+00 9.450980392156862475e-01 5.098039215686274439e-02
0.000000000000000000e+00 9.372549019607843146e-01 5.882352941176470507e-02
0.000000000000000000e+00 9.254901960784314152e-01 7.058823529411764608e-02
0.000000000000000000e+00 9.137254901960784048e-01 8.235294117647058709e-02
0.000000000000000000e+00 9.058823529411764719e-01 9.019607843137254777e-02
0.000000000000000000e+00 8.941176470588235725e-01 1.019607843137254888e-01
0.000000000000000000e+00 8.823529411764705621e-01 1.137254901960784298e-01
0.000000000000000000e+00 8.745098039215686292e-01 1.215686274509803905e-01
0.000000000000000000e+00 8.627450980392157298e-01 1.333333333333333315e-01
0.000000000000000000e+00 8.509803921568627194e-01 1.450980392156862864e-01
0.000000000000000000e+00 8.431372549019607865e-01 1.529411764705882470e-01
0.000000000000000000e+00 8.313725490196078871e-01 1.647058823529411742e-01
0.000000000000000000e+00 8.196078431372548767e-01 1.764705882352941291e-01
0.000000000000000000e+00 8.117647058823529438e-01 1.843137254901960898e-01
0.000000000000000000e+00 8.000000000000000444e-01 1.960784313725490169e-01
0.000000000000000000e+00 7.882352941176470340e-01 2.078431372549019718e-01
0.000000000000000000e+00 7.803921568627451011e-01 2.156862745098039325e-01
0.000000000000000000e+00 7.686274509803922017e-01 2.274509803921568596e-01
0.000000000000000000e+00 7.568627450980391913e-01 2.392156862745098145e-01
0.000000000000000000e+00 7.490196078431372584e-01 2.470588235294117752e-01
0.000000000000000000e+00 7.372549019607843590e-01 2.588235294117647300e-01
0.000000000000000000e+00 7.254901960784313486e-01 2.705882352941176294e-01
0.000000000000000000e+00 7.176470588235294157e-01 2.784313725490196179e-01
0.000000000000000000e+00 7.058823529411765163e-01 2.901960784313725727e-01
0.000000000000000000e+00 6.941176470588235059e-01 3.019607843137254721e-01
0.000000000000000000e+00 6.862745098039215730e-01 3.098039215686274606e-01
0.000000000000000000e+00 6.745098039215686736e-01 3.215686274509804154e-01
0.000000000000000000e+00 6.666666666666666297e-01 3.333333333333333148e-01
0.000000000000000000e+00 6.549019607843137303e-01 3.411764705882353033e-01
0.000000000000000000e+00 6.431372549019608309e-01 3.529411764705882582e-01
0.000000000000000000e+00 6.352941176470587870e-01 3.607843137254901911e-01
0.000000000000000000e+00 6.235294117647058876e-01 3.725490196078431460e-01
0.000000000000000000e+00 6.117647058823529882e-01 3.843137254901961009e-01
0.000000000000000000e+00 6.039215686274509443e-01 3.921568627450980338e-01
0.000000000000000000e+00 5.921568627450980449e-01 4.039215686274509887e-01
0.000000000000000000e+00 5.803921568627451455e-01 4.156862745098039436e-01
0.000000000000000000e+00 5.725490196078431016e-01 4.235294117647058765e-01
0.000000000000000000e+00 5.607843137254902022e-01 4.352941176470588314e-01
0.000000000000000000e+00 5.490196078431373028e-01 4.470588235294117863e-01
0.000000000000000000e+00 5.411764705882352589e-01 4.549019607843137192e-01
0.000000000000000000e+00 5.294117647058823595e-01 4.666666666666666741e-01
0.000000000000000000e+00 5.176470588235294601e-01 4.784313725490196290e-01
0.000000000000000000e+00 5.098039215686274161e-01 4.862745098039215619e-01
0.000000000000000000e+00 4.980392156862745168e-01 4.980392156862745168e-01
0.000000000000000000e+00 4.862745098039215619e-01 5.098039215686274161e-01
0.000000000000000000e+00 4.784313725490196290e-01 5.176470588235294601e-01
0.000000000000000000e+00 4.666666666666666741e-01 5.294117647058823595e-01
0.000000000000000000e+00 4.549019607843137192e-01 5.411764705882352589e-01
0.000000000000000000e+00 4.470588235294117863e-01 5.490196078431373028e-01
0.000000000000000000e+00 4.352941176470588314e-01 5.607843137254902022e-01
0.000000000000000000e+00 4.235294117647058765e-01 5.725490196078431016e-01
0.000000000000000000e+00 4.156862745098039436e-01 5.803921568627451455e-01
0.000000000000000000e+00 4.039215686274509887e-01 5.921568627450980449e-01
0.000000000000000000e+00 3.921568627450980338e-01 6.039215686274509443e-01
0.000000000000000000e+00 3.843137254901961009e-01 6.117647058823529882e-01
0.000000000000000000e+00 3.725490196078431460e-01 6.235294117647058876e-01
0.000000000000000000e+00 3.607843137254901911e-01 6.352941176470587870e-01
0.000000000000000000e+00 3.529411764705882582e-01 6.431372549019608309e-01
0.000000000000000000e+00 3.411764705882353033e-01 6.549019607843137303e-01
0.000000000000000000e+00 3.333333333333333148e-01 6.666666666666666297e-01
0.000000000000000000e+00 3.333333333333333148e-01 6.666666666666666297e-01
0.000000000000000000e+00 3.215686274509804154e-01 6.431372549019608309e-01
0.000000000000000000e+00 3.176470588235293935e-01 6.352941176470587870e-01
0.000000000000000000e+00 3.098039215686274606e-01 6.235294117647058876e-01
0.000000000000000000e+00 3.058823529411764941e-01 6.117647058823529882e-01
0.000000000000000000e+00 3.019607843137254721e-01 6.039215686274509443e-01
0.000000000000000000e+00 2.941176470588235392e-01 5.921568627450980449e-01
0.000000000000000000e+00 2.901960784313725727e-01 5.803921568627451455e-01
0.000000000000000000e+00 2.862745098039215508e-01 5.725490196078431016e-01
0.000000000000000000e+00 2.784313725490196179e-01 5.607843137254902022e-01
0.000000000000000000e+00 2.745098039215686514e-01 5.490196078431373028e-01
0.000000000000000000e+00 2.705882352941176294e-01 5.411764705882352589e-01
0.000000000000000000e+00 2.627450980392156965e-01 5.294117647058823595e-01
0.000000000000000000e+00 2.588235294117647300e-01 5.176470588235294601e-01
0.000000000000000000e+00 2.549019607843137081e-01 5.098039215686274161e-01
0.000000000000000000e+00 2.470588235294117752e-01 4.980392156862745168e-01
0.000000000000000000e+00 2.431372549019607809e-01 4.862745098039215619e-01
0.000000000000000000e+00 2.392156862745098145e-01 4.784313725490196290e-01
0.000000000000000000e+00 2.313725490196078538e-01 4.666666666666666741e-01
0.000000000000000000e+00 2.274509803921568596e-01 4.549019607843137192e-01
0.000000000000000000e+00 2.235294117647058931e-01 4.470588235294117863e-01
0.000000000000000000e+00 2.156862745098039325e-01 4.352941176470588314e-01
0.000000000000000000e+00 2.117647058823529382e-01 4.235294117647058765e-01
0.000000000000000000e+00 2.078431372549019718e-01 4.156862745098039436e-01
0.000000000000000000e+00 2.000000000000000111e-01 4.039215686274509887e-01
0.000000000000000000e+00 1.960784313725490169e-01 3.921568627450980338e-01
0.000000000000000000e+00 1.921568627450980504e-01 3.843137254901961009e-01
0.000000000000000000e+00 1.843137254901960898e-01 3.725490196078431460e-01
0.000000000000000000e+00 1.803921568627450955e-01 3.607843137254901911e-01
0.000000000000000000e+00 1.764705882352941291e-01 3.529411764705882582e-01
0.000000000000000000e+00 1.686274509803921684e-01 3.411764705882353033e-01
0.000000000000000000e+00 1.647058823529411742e-01 3.333333333333333148e-01
0.000000000000000000e+00 1.607843137254902077e-01 3.215686274509804154e-01
0.000000000000000000e+00 1.529411764705882470e-01 3.098039215686274606e-01
0.000000000000000000e+00 1.490196078431372528e-01 3.019607843137254721e-01
0.000000000000000000e+00 1.450980392156862864e-01 2.901960784313725727e-01
0.000000000000000000e+00 1.372549019607843257e-01 2.784313725490196179e-01
0.000000000000000000e+00 1.333333333333333315e-01 2.705882352941176294e-01
0.000000000000000000e+00 1.294117647058823650e-01 2.588235294117647300e-01
0.000000000000000000e+00 1.215686274509803905e-01 2.470588235294117752e-01
0.000000000000000000e+00 1.176470588235294101e-01 2.392156862745098145e-01
0.000000000000000000e+00 1.137254901960784298e-01 2.274509803921568596e-01
0.000000000000000000e+00 1.058823529411764691e-01 2.156862745098039325e-01
0.000000000000000000e+00 1.019607843137254888e-01 2.078431372549019718e-01
0.000000000000000000e+00 9.803921568627450844e-02 1.960784313725490169e-01
0.000000000000000000e+00 9.019607843137254777e-02 1.843137254901960898e-01
0.000000000000000000e+00 8.627450980392156743e-02 1.764705882352941291e-01
0.000000000000000000e+00 8.235294117647058709e-02 1.647058823529411742e-01
0.000000000000000000e+00 7.450980392156862642e-02 1.529411764705882470e-01
0.000000000000000000e+00 7.058823529411764608e-02 1.450980392156862864e-01
0.000000000000000000e+00 6.666666666666666574e-02 1.333333333333333315e-01
0.000000000000000000e+00 5.882352941176470507e-02 1.215686274509803905e-01
0.000000000000000000e+00 5.490196078431372473e-02 1.137254901960784298e-01
0.000000000000000000e+00 5.098039215686274439e-02 1.019607843137254888e-01
0.000000000000000000e+00 4.313725490196078372e-02 9.019607843137254777e-02
0.000000000000000000e+00 3.921568627450980338e-02 8.235294117647058709e-02
0.000000000000000000e+00 3.529411764705882304e-02 7.058823529411764608e-02
0.000000000000000000e+00 2.745098039215686236e-02 5.882352941176470507e-02
0.000000000000000000e+00 2.352941176470588203e-02 5.098039215686274439e-02
0.000000000000000000e+00 1.960784313725490169e-02 3.921568627450980338e-02
0.000000000000000000e+00 1.176470588235294101e-02 2.745098039215686236e-02
0.000000000000000000e+00 7.843137254901960675e-03 1.960784313725490169e-02
0.000000000000000000e+00 3.921568627450980338e-03 7.843137254901960675e-03
0.000000000000000000e+00 0.000000000000000000e+00 0.000000000000000000e+00
