1.000000000000000000e+00 1.000000000000000000e+00 9.686274509803921573e-01
1.000000000000000000e+00 1.000000000000000000e+00 9.372549019607843146e-01
1.000000000000000000e+00 1.000000000000000000e+00 9.058823529411764719e-01
1.000000000000000000e+00 1.000000000000000000e+00 8.745098039215686292e-01
1.000000000000000000e+00 1.000000000000000000e+00 8.431372549019607865e-01
1.000000000000000000e+00 1.000000000000000000e+00 8.117647058823529438e-01
1.000000000000000000e+00 1.000000000000000000e+00 7.803921568627451011e-01
1.000000000000000000e+00 1.000000000000000000e+00 7.490196078431372584e-01
1.000000000000000000e+00 1.000000000000000000e+00 7.176470588235294157e-01
1.000000000000000000e+00 1.000000000000000000e+00 6.862745098039215730e-01
1.000000000000000000e+00 1.000000000000000000e+00 6.549019607843137303e-01
1.000000000000000000e+00 1.000000000000000000e+00 6.235294117647058876e-01
1.000000000000000000e+00 1.000000000000000000e+00 5.921568627450980449e-01
1.000000000000000000e+00 1.000000000000000000e+00 5.607843137254902022e-01
1.000000000000000000e+00 1.000000000000000000e+00 5.294117647058823595e-01
1.000000000000000000e+00 1.000000000000000000e+00 4.980392156862745168e-01
1.000000000000000000e+00 1.000000000000000000e+00 4.666666666666666741e-01
1.000000000000000000e+00 1.000000000000000000e+00 4.352941176470588314e-01
1.000000000000000000e+00 1.000000000000000000e+00 4.039215686274509887e-01
1.000000000000000000e+00 1.000000000000000000e+00 3.725490196078431460e-01
1.000000000000000000e+00 1.000000000000000000e+00 3.411764705882353033e-01
1.000000000000000000e+00 1.000000000000000000e+00 3.098039215686274606e-01
1.000000000000000000e+00 1.000000000000000000e+00 2.784313725490196179e-01
1.000000000000000000e+00 1.000000000000000000e+00 2.470588235294117752e-01
1.000000000000000000e+00 1.000000000000000000e+00 2.156862745098039325e-01
1.000000000000000000e+00 1.000000000000000000e+00 1.843137254901960898e-01
1.000000000000000000e+00 1.000000000000000000e+00 1.529411764705882470e-01
1.000000000000000000e+00 1.000000000000000000e+00 1.215686274509803905e-01
1.000000000000000000e+00 1.000000000000000000e+00 9.019607843137254777e-02
1.000000000000000000e+00 1.000000000000000000e+00 5.882352941176470507e-02
1.000000000000000000e+00 1.000000000000000000e+00 2.745098039215686236e-02
1.000000000000000000e+00 1.000000000000000000e+00 0.000000000000000000e+00
1.000000000000000000e+00 9.686274509803921573e-01 2.745098039215686236e-02
1.000000000000000000e+00 9.372549019607843146e-01 5.882352941176470507e-02
1.000000000000000000e+00 9.058823529411764719e-01 9.019607843137254777e-02
1.000000000000000000e+00 8.745098039215686292e-01 1.215686274509803905e-01
1.000000000000000000e+00 8.431372549019607865e-01 1.529411764705882470e-01
1.000000000000000000e+00 8.117647058823529438e-01 1.843137254901960898e-01
1.000000000000000000e+00 7.803921568627451011e-01 2.156862745098039325e-01
1.000000000000000000e+00 7.490196078431372584e-01 2.470588235294117752e-01
1.000000000000000000e+00 7.176470588235294157e-01 2.784313725490196179e-01
1.000000000000000000e+00 6.862745098039215730e-01 3.098039215686274606e-01
1.000000000000000000e+00 6.549019607843137303e-01 3.411764705882353033e-01
1.000000000000000000e+00 6.235294117647058876e-01 3.725490196078431460e-01
1.000000000000000000e+00 5.921568627450980449e-01 4.039215686274509887e-01
1.000000000000000000e+00 5.607843137254902022e-01 4.352941176470588314e-01
1.000000000000000000e+00 5.294117647058823595e-01 4.666666666666666741e-01
1.000000000000000000e+00 4.980392156862745168e-01 4.980392156862745168e-01
1.000000000000000000e+00 4.666666666666666741e-01 5.294117647058823595e-01
1.000000000000000000e+00 4.352941176470588314e-01 5.607843137254902022e-01
1.000000000000000000e+00 4.039215686274509887e-01 5.921568627450980449e-01
1.000000000000000000e+00 3.725490196078431460e-01 6.235294117647058876e-01
1.000000000000000000e+00 3.411764705882353033e-01 6.549019607843137303e-01
1.000000000000000000e+00 3.098039215686274606e-01 6.862745098039215730e-01
1.000000000000000000e+00 2.784313725490196179e-01 7.176470588235294157e-01
1.000000000000000000e+00 2.470588235294117752e-01 7.490196078431372584e-01
1.000000000000000000e+00 2.156862745098039325e-01 7.803921568627451011e-01
1.000000000000000000e+00 1.843137254901960898e-01 8.117647058823529438e-01
1.000000000000000000e+00 1.529411764705882470e-01 8.431372549019607865e-01
1.000000000000000000e+00 1.215686274509803905e-01 8.745098039215686292e-01
1.000000000000000000e+00 9.019607843137254777e-02 9.058823529411764719e-01
1.000000000000000000e+00 5.882352941176470507e-02 9.372549019607843146e-01
1.000000000000000000e+00 2.745098039215686236e-02 9.686274509803921573e-01
1.000000000000000000e+00 0.000000000000000000e+00 1.000000000000000000e+00
9.686274509803921573e-01 2.745098039215686236e-02 1.000000000000000000e+00
9.372549019607843146e-01 5.882352941176470507e-02 1.000000000000000000e+00
9.058823529411764719e-01 9.019607843137254777e-02 1.000000000000000000e+00
8.745098039215686292e-01 1.215686274509803905e-01 1.000000000000000000e+00
8.431372549019607865e-01 1.529411764705882470e-01 1.000000000000000000e+00
8.117647058823529438e-01 1.843137254901960898e-01 1.000000000000000000e+00
7.803921568627451011e-01 2.156862745098039325e-01 1.000000000000000000e+00
7.490196078431372584e-01 2.470588235294117752e-01 1.000000000000000000e+00
7.176470588235294157e-01 2.784313725490196179e-01 1.000000000000000000e+00
6.862745098039215730e-01 3.098039215686274606e-01 1.000000000000000000e+00
6.549019607843137303e-01 3.411764705882353033e-01 1.000000000000000000e+00
6.235294117647058876e-01 3.725490196078431460e-01 1.000000000000000000e+00
5.921568627450980449e-01 4.039215686274509887e-01 1.000000000000000000e+00
5.607843137254902022e-01 4.352941176470588314e-01 1.000000000000000000e+00
5.294117647058823595e-01 4.666666666666666741e-01 1.000000000000000000e+00
4.980392156862745168e-01 4.980392156862745168e-01 1.000000000000000000e+00
4.666666666666666741e-01 5.294117647058823595e-01 1.000000000000000000e+00
4.352941176470588314e-01 5.607843137254902022e-01 1.000000000000000000e+00
4.039215686274509887e-01 5.921568627450980449e-01 1.000000000000000000e+00
3.725490196078431460e-01 6.235294117647058876e-01 1.000000000000000000e+00
3.411764705882353033e-01 6.549019607843137303e-01 1.000000000000000000e+00
3.098039215686274606e-01 6.862745098039215730e-01 1.000000000000000000e+00
2.784313725490196179e-01 7.176470588235294157e-01 1.000000000000000000e+00
2.470588235294117752e-01 7.490196078431372584e-01 1.000000000000000000e+00
2.156862745098039325e-01 7.803921568627451011e-01 1.000000000000000000e+00
1.843137254901960898e-01 8.117647058823529438e-01 1.000000000000000000e+00
1.529411764705882470e-01 8.431372549019607865e-01 1.000000000000000000e+00
1.215686274509803905e-01 8.745098039215686292e-01 1.000000000000000000e+00
9.019607843137254777e-02 9.058823529411764719e-01 1.000000000000000000e+00
5.882352941176470507e-02 9.372549019607843146e-01 1.000000000000000000e+00
2.745098039215686236e-02 9.686274509803921573e-01 1.000000000000000000e+00
0.000000000000000000e+00 1.000000000000000000e+00 1.000000000000000000e+00
0.000000000000000000e+00 9.686274509803921573e-01 1.000000000000000000e+00
0.000000000000000000e+00 9.372549019607843146e-01 1.000000000000000000e+00
0.000000000000000000e+00 9.058823529411764719e-01 1.000000000000000000e+00
0.000000000000000000e+00 8.745098039215686292e-01 1.000000000000000000e+00
0.000000000000000000e+00 8.431372549019607865e-01 1.000000000000000000e+00
0.000000000000000000e+00 8.117647058823529438e-01 1.000000000000000000e+00
0.000000000000000000e+00 7.803921568627451011e-01 1.000000000000000000e+00
0.000000000000000000e+00 7.490196078431372584e-01 1.000000000000000000e+00
0.000000000000000000e+00 7.176470588235294157e-01 1.000000000000000000e+00
0.000000000000000000e+00 6.862745098039215730e-01 1.000000000000000000e+00
0.000000000000000000e+00 6.549019607843137303e-01 1.000000000000000000e+00
0.000000000000000000e+00 6.235294117647058876e-01 1.000000000000000000e+00
0.000000000000000000e+00 5.921568627450980449e-01 1.000000000000000000e+00
0.000000000000000000e+00 5.607843137254902022e-01 1.000000000000000000e+00
0.000000000000000000e+00 5.294117647058823595e-01 1.000000000000000000e+00
0.000000000000000000e+00 4.980392156862745168e-01 1.000000000000000000e+00
0.000000000000000000e+00 4.666666666666666741e-01 1.000000000000000000e+00
0.000000000000000000e+00 4.352941176470588314e-01 1.000000000000000000e+00
0.000000000000000000e+00 4.039215686274509887e-01 1.000000000000000000e+00
0.000000000000000000e+00 3.725490196078431460e-01 1.000000000000000000e+00
0.000000000000000000e+00 3.411764705882353033e-01 1.000000000000000000e+00
0.000000000000000000e+00 3.098039215686274606e-01 1.000000000000000000e+00
0.000000000000000000e+00 2.784313725490196179e-01 1.000000000000000000e+00
0.000000000000000000e+00 2.470588235294117752e-01 1.000000000000000000e+00
0.000000000000000000e+00 2.156862745098039325e-01 1.000000000000000000e+00
0.000000000000000000e+00 1.843137254901960898e-01 1.000000000000000000e+00
0.000000000000000000e+00 1.529411764705882470e-01 1.000000000000000000e+00
0.000000000000000000e+00 1.215686274509803905e-01 1.000000000000000000e+00
0.000000000000000000e+00 9.019607843137254777e-02 1.000000000000000000e+00
0.000000000000000000e+00 5.882352941176470507e-02 1.000000000000000000e+00
0.000000000000000000e+00 2.745098039215686236e-02 1.000000000000000000e+00
0.000000000000000000e+00 0.000000000000000000e+00 1.000000000000000000e+00
0.000000000000000000e+00 2.745098039215686236e-02 9.686274509803921573e-01
0.000000000000000000e+00 5.882352941176470507e-02 9.372549019607843146e-01
0.000000000000000000e+00 9.019607843137254777e-02 9.058823529411764719e-01
0.000000000000000000e+00 1.215686274509803905e-01 8.745098039215686292e-01
0.000000000000000000e+00 1.529411764705882470e-01 8.431372549019607865e-01
0.000000000000000000e+00 1.843137254901960898e-01 8.117647058823529438e-01
0.000000000000000000e+00 2.156862745098039325e-01 7.803921568627451011e-01
0.000000000000000000e+00 2.470588235294117752e-01 7.490196078431372584e-01
0.000000000000000000e+00 2.784313725490196179e-01 7.176470588235294157e-01
0.000000000000000000e+00 3.098039215686274606e-01 6.862745098039215730e-01
0.000000000000000000e+00 3.411764705882353033e-01 6.549019607843137303e-01
0.000000000000000000e+00 3.725490196078431460e-01 6.235294117647058876e-01
0.000000000000000000e+00 4.039215686274509887e-01 5.921568627450980449e-01
0.000000000000000000e+00 4.352941176470588314e-01 5.607843137254902022e-01
0.000000000000000000e+00 4.666666666666666741e-01 5.294117647058823595e-01
0.000000000000000000e+00 4.980392156862745168e-01 4.980392156862745168e-01
0.000000000000000000e+00 5.294117647058823595e-01 4.666666666666666741e-01
0.000000000000000000e+00 5.607843137254902022e-01 4.352941176470588314e-01
0.000000000000000000e+00 5.921568627450980449e-01 4.039215686274509887e-01
0.000000000000000000e+00 6.235294117647058876e-01 3.725490196078431460e-01
0.000000000000000000e+00 6.549019607843137303e-01 3.411764705882353033e-01
0.000000000000000000e+00 6.862745098039215730e-01 3.098039215686274606e-01
0.000000000000000000e+00 7.176470588235294157e-01 2.784313725490196179e-01
0.000000000000000000e+00 7.490196078431372584e-01 2.470588235294117752e-01
0.000000000000000000e+00 7.803921568627451011e-01 2.156862745098039325e-01
0.000000000000000000e+00 8.117647058823529438e-01 1.843137254901960898e-01
0.000000000000000000e+00 8.431372549019607865e-01 1.529411764705882470e-01
0.000000000000000000e+00 8.745098039215686292e-01 1.215686274509803905e-01
0.000000000000000000e+00 9.058823529411764719e-01 9.019607843137254777e-02
0.000000000000000000e+00 9.372549019607843146e-01 5.882352941176470507e-02
0.000000000000000000e+00 9.686274509803921573e-01 2.745098039215686236e-02
0.000000000000000000e+00 1.000000000000000000e+00 0.000000000000000000e+00
2.745098039215686236e-02 9.686274509803921573e-01 0.000000000000000000e+00
5.882352941176470507e-02 9.372549019607843146e-01 0.000000000000000000e+00
9.019607843137254777e-02 9.058823529411764719e-01 0.000000000000000000e+00
1.215686274509803905e-01 8.745098039215686292e-01 0.000000000000000000e+00
1.529411764705882470e-01 8.431372549019607865e-01 0.000000000000000000e+00
1.843137254901960898e-01 8.117647058823529438e-01 0.000000000000000000e+00
2.156862745098039325e-01 7.803921568627451011e-01 0.000000000000000000e+00
2.470588235294117752e-01 7.490196078431372584e-01 0.000000000000000000e+00
2.784313725490196179e-01 7.176470588235294157e-01 0.000000000000000000e+00
3.098039215686274606e-01 6.862745098039215730e-01 0.000000000000000000e+00
3.411764705882353033e-01 6.549019607843137303e-01 0.000000000000000000e+00
3.725490196078431460e-01 6.235294117647058876e-01 0.000000000000000000e+00
4.039215686274509887e-01 5.921568627450980449e-01 0.000000000000000000e+00
4.352941176470588314e-01 5.607843137254902022e-01 0.000000000000000000e+00
4.666666666666666741e-01 5.294117647058823595e-01 0.000000000000000000e+00
4.980392156862745168e-01 4.980392156862745168e-01 0.000000000000000000e+00
5.294117647058823595e-01 4.666666666666666741e-01 0.000000000000000000e+00
5.607843137254902022e-01 4.352941176470588314e-01 0.000000000000000000e+00
5.921568627450980449e-01 4.039215686274509887e-01 0.000000000000000000e+00
6.235294117647058876e-01 3.725490196078431460e-01 0.000000000000000000e+00
6.549019607843137303e-01 3.411764705882353033e-01 0.000000000000000000e+00
6.862745098039215730e-01 3.098039215686274606e-01 0.000000000000000000e+00
7.176470588235294157e-01 2.784313725490196179e-01 0.000000000000000000e+00
7.490196078431372584e-01 2.470588235294117752e-01 0.000000000000000000e+00
7.803921568627451011e-01 2.156862745098039325e-01 0.000000000000000000e+00
8.117647058823529438e-01 1.843137254901960898e-01 0.000000000000000000e+00
8.431372549019607865e-01 1.529411764705882470e-01 0.000000000000000000e+00
8.745098039215686292e-01 1.215686274509803905e-01 0.000000000000000000e+00
9.058823529411764719e-01 9.019607843137254777e-02 0.000000000000000000e+00
9.372549019607843146e-01 5.882352941176470507e-02 0.000000000000000000e+00
9.686274509803921573e-01 2.745098039215686236e-02 0.000000000000000000e+00
1.000000000000000000e+00 0.000000000000000000e+00 0.000000000000000000e+00
9.843137254901960231e-01 0.000000000000000000e+00 0.000000000000000000e+00
9.686274509803921573e-01 0.000000000000000000e+00 0.000000000000000000e+00
9.529411764705881804e-01 0.000000000000000000e+00 0.000000000000000000e+00
9.372549019607843146e-01 0.000000000000000000e+00 0.000000000000000000e+00
9.215686274509803377e-01 0.000000000000000000e+00 0.000000000000000000e+00
9.058823529411764719e-01 0.000000000000000000e+00 0.000000000000000000e+00
8.901960784313724950e-01 0.000000000000000000e+00 0.000000000000000000e+00
8.745098039215686292e-01 0.000000000000000000e+00 0.000000000000000000e+00
8.588235294117646523e-01 0.000000000000000000e+00 0.000000000000000000e+00
8.431372549019607865e-01 0.000000000000000000e+00 0.000000000000000000e+00
8.274509803921568096e-01 0.000000000000000000e+00 0.000000000000000000e+00
8.117647058823529438e-01 0.000000000000000000e+00 0.000000000000000000e+00
7.960784313725489669e-01 0.000000000000000000e+00 0.000000000000000000e+00
7.803921568627451011e-01 0.000000000000000000e+00 0.000000000000000000e+00
7.647058823529411242e-01 0.000000000000000000e+00 0.000000000000000000e+00
7.490196078431372584e-01 0.000000000000000000e+00 0.000000000000000000e+00
7.333333333333332815e-01 0.000000000000000000e+00 0.000000000000000000e+00
7.176470588235294157e-01 0.000000000000000000e+00 0.000000000000000000e+00
7.019607843137254388e-01 0.000000000000000000e+00 0.000000000000000000e+00
6.862745098039215730e-01 0.000000000000000000e+00 0.000000000000000000e+00
6.705882352941175961e-01 0.000000000000000000e+00 0.000000000000000000e+00
6.549019607843137303e-01 0.000000000000000000e+00 0.000000000000000000e+00
6.392156862745097534e-01 0.000000000000000000e+00 0.000000000000000000e+00
6.235294117647058876e-01 0.000000000000000000e+00 0.000000000000000000e+00
6.078431372549019107e-01 0.000000000000000000e+00 0.000000000000000000e+00
5.921568627450980449e-01 0.000000000000000000e+00 0.000000000000000000e+00
5.764705882352940680e-01 0.000000000000000000e+00 0.000000000000000000e+00
5.607843137254902022e-01 0.000000000000000000e+00 0.000000000000000000e+00
5.450980392156862253e-01 0.000000000000000000e+00 0.000000000000000000e+00
5.294117647058823595e-01 0.000000000000000000e+00 0.000000000000000000e+00
5.137254901960783826e-01 0.000000000000000000e+00 0.000000000000000000e+00
4.980392156862745168e-01 0.000000000000000000e+00 0.000000000000000000e+00
4.823529411764705954e-01 0.000000000000000000e+00 0.000000000000000000e+00
4.666666666666666741e-01 0.000000000000000000e+00 0.000000000000000000e+00
4.509803921568627527e-01 0.000000000000000000e+00 0.000000000000000000e+00
4.352941176470588314e-01 0.000000000000000000e+00 0.000000000000000000e+00
4.196078431372549100e-01 0.000000000000000000e+00 0.000000000000000000e+00
4.039215686274509887e-01 0.000000000000000000e+00 0.000000000000000000e+00
3.882352941176470673e-01 0.000000000000000000e+00 0.000000000000000000e+00
3.725490196078431460e-01 0.000000000000000000e+00 0.000000000000000000e+00
3.568627450980392246e-01 0.000000000000000000e+00 0.000000000000000000e+00
3.411764705882353033e-01 0.000000000000000000e+00 0.000000000000000000e+00
3.254901960784313819e-01 0.000000000000000000e+00 0.000000000000000000e+00
3.098039215686274606e-01 0.000000000000000000e+00 0.000000000000000000e+00
2.941176470588235392e-01 0.000000000000000000e+00 0.000000000000000000e+00
2.784313725490196179e-01 0.000000000000000000e+00 0.000000000000000000e+00
2.627450980392156965e-01 0.000000000000000000e+00 0.000000000000000000e+00
2.470588235294117752e-01 0.000000000000000000e+00 0.000000000000000000e+00
2.313725490196078538e-01 0.000000000000000000e+00 0.000000000000000000e+00
2.156862745098039325e-01 0.000000000000000000e+00 0.000000000000000000e+00
2.000000000000000111e-01 0.000000000000000000e+00 0.000000000000000000e+00
1.843137254901960898e-01 0.000000000000000000e+00 0.000000000000000000e+00
1.686274509803921684e-01 0.000000000000000000e+00 0.000000000000000000e+00
1.529411764705882470e-01 0.000000000000000000e+00 0.000000000000000000e+00
1.372549019607843257e-01 0.000000000000000000e+00 0.000000000000000000e+00
1.215686274509803905e-01 0.000000000000000000e+00 0.000000000000000000e+00
1.058823529411764691e-01 0.000000000000000000e+00 0.000000000000000000e+00
9.019607843137254777e-02 0.000000000000000000e+00 0.000000000000000000e+00
7.450980392156862642e-02 0.000000000000000000e+00 0.000000000000000000e+00
5.882352941176470507e-02 0.000000000000000000e+00 0.000000000000000000e+00
4.313725490196078372e-02 0.000000000000000000e+00 0.000000000000000000e+00
2.745098039215686236e-02 0.000000000000000000e+00 0.000000000000000000e+00
1.176470588235294101e-02 0.000000000000000000e+00 0.000000000000000000e+00
0.000000000000000000e+00 0.000000000000000000e+00 0.000000000000000000e+00
