0.000000000000000000e+00 0.000000000000000000e+00 0.000000000000000000e+00
0.000000000000000000e+00 0.000000000000000000e+00 0.000000000000000000e+00
0.000000000000000000e+00 0.000000000000000000e+00 0.000000000000000000e+00
0.000000000000000000e+00 0.000000000000000000e+00 0.000000000000000000e+00
0.000000000000000000e+00 0.000000000000000000e+00 0.000000000000000000e+00
0.000000000000000000e+00 0.000000000000000000e+00 0.000000000000000000e+00
0.000000000000000000e+00 0.000000000000000000e+00 0.000000000000000000e+00
0.000000000000000000e+00 0.000000000000000000e+00 0.000000000000000000e+00
0.000000000000000000e+00 0.000000000000000000e+00 0.000000000000000000e+00
0.000000000000000000e+00 0.000000000000000000e+00 0.000000000000000000e+00
0.000000000000000000e+00 0.000000000000000000e+00 0.000000000000000000e+00
0.000000000000000000e+00 0.000000000000000000e+00 0.000000000000000000e+00
0.000000000000000000e+00 0.000000000000000000e+00 0.000000000000000000e+00
0.000000000000000000e+00 0.000000000000000000e+00 0.000000000000000000e+00
0.000000000000000000e+00 0.000000000000000000e+00 0.000000000000000000e+00
0.000000000000000000e+00 0.000000000000000000e+00 0.000000000000000000e+00
3.921568627450980338e-03 3.921568627450980338e-03 6.705882352941175961e-01
3.921568627450980338e-03 3.921568627450980338e-03 6.705882352941175961e-01
3.921568627450980338e-03 3.921568627450980338e-03 6.705882352941175961e-01
3.921568627450980338e-03 3.921568627450980338e-03 6.705882352941175961e-01
3.921568627450980338e-03 3.921568627450980338e-03 6.705882352941175961e-01
3.921568627450980338e-03 3.921568627450980338e-03 6.705882352941175961e-01
3.921568627450980338e-03 3.921568627450980338e-03 6.705882352941175961e-01
3.921568627450980338e-03 3.921568627450980338e-03 6.705882352941175961e-01
3.921568627450980338e-03 3.921568627450980338e-03 6.705882352941175961e-01
3.921568627450980338e-03 3.921568627450980338e-03 6.705882352941175961e-01
3.921568627450980338e-03 3.921568627450980338e-03 6.705882352941175961e-01
3.921568627450980338e-03 3.921568627450980338e-03 6.705882352941175961e-01
3.921568627450980338e-03 3.921568627450980338e-03 6.705882352941175961e-01
3.921568627450980338e-03 3.921568627450980338e-03 6.705882352941175961e-01
3.921568627450980338e-03 3.921568627450980338e-03 6.705882352941175961e-01
3.921568627450980338e-03 3.921568627450980338e-03 6.705882352941175961e-01
3.921568627450980338e-03 3.921568627450980338e-03 8.784313725490195957e-01
3.921568627450980338e-03 3.921568627450980338e-03 8.784313725490195957e-01
3.921568627450980338e-03 3.921568627450980338e-03 8.784313725490195957e-01
3.921568627450980338e-03 3.921568627450980338e-03 8.784313725490195957e-01
3.921568627450980338e-03 3.921568627450980338e-03 8.784313725490195957e-01
3.921568627450980338e-03 3.921568627450980338e-03 8.784313725490195957e-01
3.921568627450980338e-03 3.921568627450980338e-03 8.784313725490195957e-01
3.921568627450980338e-03 3.921568627450980338e-03 8.784313725490195957e-01
3.921568627450980338e-03 3.921568627450980338e-03 8.784313725490195957e-01
3.921568627450980338e-03 3.921568627450980338e-03 8.784313725490195957e-01
3.921568627450980338e-03 3.921568627450980338e-03 8.784313725490195957e-01
3.921568627450980338e-03 3.921568627450980338e-03 8.784313725490195957e-01
3.921568627450980338e-03 3.921568627450980338e-03 8.784313725490195957e-01
3.921568627450980338e-03 3.921568627450980338e-03 8.784313725490195957e-01
3.921568627450980338e-03 3.921568627450980338e-03 8.784313725490195957e-01
3.921568627450980338e-03 3.921568627450980338e-03 8.784313725490195957e-01
0.000000000000000000e+00 4.313725490196078649e-01 1.000000000000000000e+00
0.000000000000000000e+00 4.313725490196078649e-01 1.000000000000000000e+00
0.000000000000000000e+00 4.313725490196078649e-01 1.000000000000000000e+00
0.000000000000000000e+00 4.313725490196078649e-01 1.000000000000000000e+00
0.000000000000000000e+00 4.313725490196078649e-01 1.000000000000000000e+00
0.000000000000000000e+00 4.313725490196078649e-01 1.000000000000000000e+00
0.000000000000000000e+00 4.313725490196078649e-01 1.000000000000000000e+00
0.000000000000000000e+00 4.313725490196078649e-01 1.000000000000000000e+00
0.000000000000000000e+00 4.313725490196078649e-01 1.000000000000000000e+00
0.000000000000000000e+00 4.313725490196078649e-01 1.000000000000000000e+00
0.000000000000000000e+00 4.313725490196078649e-01 1.000000000000000000e+00
0.000000000000000000e+00 4.313725490196078649e-01 1.000000000000000000e+00
0.000000000000000000e+00 4.313725490196078649e-01 1.000000000000000000e+00
0.000000000000000000e+00 4.313725490196078649e-01 1.000000000000000000e+00
0.000000000000000000e+00 4.313725490196078649e-01 1.000000000000000000e+00
0.000000000000000000e+00 4.313725490196078649e-01 1.000000000000000000e+00
3.921568627450980338e-03 6.705882352941175961e-01 9.960784313725490335e-01
3.921568627450980338e-03 6.705882352941175961e-01 9.960784313725490335e-01
3.921568627450980338e-03 6.705882352941175961e-01 9.960784313725490335e-01
3.921568627450980338e-03 6.705882352941175961e-01 9.960784313725490335e-01
3.921568627450980338e-03 6.705882352941175961e-01 9.960784313725490335e-01
3.921568627450980338e-03 6.705882352941175961e-01 9.960784313725490335e-01
3.921568627450980338e-03 6.705882352941175961e-01 9.960784313725490335e-01
3.921568627450980338e-03 6.705882352941175961e-01 9.960784313725490335e-01
3.921568627450980338e-03 6.705882352941175961e-01 9.960784313725490335e-01
3.921568627450980338e-03 6.705882352941175961e-01 9.960784313725490335e-01
3.921568627450980338e-03 6.705882352941175961e-01 9.960784313725490335e-01
3.921568627450980338e-03 6.705882352941175961e-01 9.960784313725490335e-01
3.921568627450980338e-03 6.705882352941175961e-01 9.960784313725490335e-01
3.921568627450980338e-03 6.705882352941175961e-01 9.960784313725490335e-01
3.921568627450980338e-03 6.705882352941175961e-01 9.960784313725490335e-01
3.921568627450980338e-03 6.705882352941175961e-01 9.960784313725490335e-01
3.921568627450980338e-03 8.784313725490195957e-01 9.960784313725490335e-01
3.921568627450980338e-03 8.784313725490195957e-01 9.960784313725490335e-01
3.921568627450980338e-03 8.784313725490195957e-01 9.960784313725490335e-01
3.921568627450980338e-03 8.784313725490195957e-01 9.960784313725490335e-01
3.921568627450980338e-03 8.784313725490195957e-01 9.960784313725490335e-01
3.921568627450980338e-03 8.784313725490195957e-01 9.960784313725490335e-01
3.921568627450980338e-03 8.784313725490195957e-01 9.960784313725490335e-01
3.921568627450980338e-03 8.784313725490195957e-01 9.960784313725490335e-01
3.921568627450980338e-03 8.784313725490195957e-01 9.960784313725490335e-01
3.921568627450980338e-03 8.784313725490195957e-01 9.960784313725490335e-01
3.921568627450980338e-03 8.784313725490195957e-01 9.960784313725490335e-01
3.921568627450980338e-03 8.784313725490195957e-01 9.960784313725490335e-01
3.921568627450980338e-03 8.784313725490195957e-01 9.960784313725490335e-01
3.921568627450980338e-03 8.784313725490195957e-01 9.960784313725490335e-01
3.921568627450980338e-03 8.784313725490195957e-01 9.960784313725490335e-01
3.921568627450980338e-03 8.784313725490195957e-01 9.960784313725490335e-01
3.921568627450980338e-03 9.960784313725490335e-01 3.921568627450980338e-03
3.921568627450980338e-03 9.960784313725490335e-01 3.921568627450980338e-03
3.921568627450980338e-03 9.960784313725490335e-01 3.921568627450980338e-03
3.921568627450980338e-03 9.960784313725490335e-01 3.921568627450980338e-03
3.921568627450980338e-03 9.960784313725490335e-01 3.921568627450980338e-03
3.921568627450980338e-03 9.960784313725490335e-01 3.921568627450980338e-03
3.921568627450980338e-03 9.960784313725490335e-01 3.921568627450980338e-03
3.921568627450980338e-03 9.960784313725490335e-01 3.921568627450980338e-03
3.921568627450980338e-03 9.960784313725490335e-01 3.921568627450980338e-03
3.921568627450980338e-03 9.960784313725490335e-01 3.921568627450980338e-03
3.921568627450980338e-03 9.960784313725490335e-01 3.921568627450980338e-03
3.921568627450980338e-03 9.960784313725490335e-01 3.921568627450980338e-03
3.921568627450980338e-03 9.960784313725490335e-01 3.921568627450980338e-03
3.921568627450980338e-03 9.960784313725490335e-01 3.921568627450980338e-03
3.921568627450980338e-03 9.960784313725490335e-01 3.921568627450980338e-03
3.921568627450980338e-03 9.960784313725490335e-01 3.921568627450980338e-03
7.450980392156862919e-01 1.000000000000000000e+00 0.000000000000000000e+00
7.450980392156862919e-01 1.000000000000000000e+00 0.000000000000000000e+00
7.450980392156862919e-01 1.000000000000000000e+00 0.000000000000000000e+00
7.450980392156862919e-01 1.000000000000000000e+00 0.000000000000000000e+00
7.450980392156862919e-01 1.000000000000000000e+00 0.000000000000000000e+00
7.450980392156862919e-01 1.000000000000000000e+00 0.000000000000000000e+00
7.450980392156862919e-01 1.000000000000000000e+00 0.000000000000000000e+00
7.450980392156862919e-01 1.000000000000000000e+00 0.000000000000000000e+00
7.450980392156862919e-01 1.000000000000000000e+00 0.000000000000000000e+00
7.450980392156862919e-01 1.000000000000000000e+00 0.000000000000000000e+00
7.450980392156862919e-01 1.000000000000000000e+00 0.000000000000000000e+00
7.450980392156862919e-01 1.000000000000000000e+00 0.000000000000000000e+00
7.450980392156862919e-01 1.000000000000000000e+00 0.000000000000000000e+00
7.450980392156862919e-01 1.000000000000000000e+00 0.000000000000000000e+00
7.450980392156862919e-01 1.000000000000000000e+00 0.000000000000000000e+00
7.450980392156862919e-01 1.000000000000000000e+00 0.000000000000000000e+00
1.000000000000000000e+00 1.000000000000000000e+00 0.000000000000000000e+00
1.000000000000000000e+00 1.000000000000000000e+00 0.000000000000000000e+00
1.000000000000000000e+00 1.000000000000000000e+00 0.000000000000000000e+00
1.000000000000000000e+00 1.000000000000000000e+00 0.000000000000000000e+00
1.000000000000000000e+00 1.000000000000000000e+00 0.000000000000000000e+00
1.000000000000000000e+00 1.000000000000000000e+00 0.000000000000000000e+00
1.000000000000000000e+00 1.000000000000000000e+00 0.000000000000000000e+00
1.000000000000000000e+00 1.000000000000000000e+00 0.000000000000000000e+00
1.000000000000000000e+00 1.000000000000000000e+00 0.000000000000000000e+00
1.000000000000000000e+00 1.000000000000000000e+00 0.000000000000000000e+00
1.000000000000000000e+00 1.000000000000000000e+00 0.000000000000000000e+00
1.000000000000000000e+00 1.000000000000000000e+00 0.000000000000000000e+00
1.000000000000000000e+00 1.000000000000000000e+00 0.000000000000000000e+00
1.000000000000000000e+00 1.000000000000000000e+00 0.000000000000000000e+00
1.000000000000000000e+00 1.000000000000000000e+00 0.000000000000000000e+00
1.000000000000000000e+00 1.000000000000000000e+00 0.000000000000000000e+00
1.000000000000000000e+00 8.784313725490195957e-01 0.000000000000000000e+00
1.000000000000000000e+00 8.784313725490195957e-01 0.000000000000000000e+00
1.000000000000000000e+00 8.784313725490195957e-01 0.000000000000000000e+00
1.000000000000000000e+00 8.784313725490195957e-01 0.000000000000000000e+00
1.000000000000000000e+00 8.784313725490195957e-01 0.000000000000000000e+00
1.000000000000000000e+00 8.784313725490195957e-01 0.000000000000000000e+00
1.000000000000000000e+00 8.784313725490195957e-01 0.000000000000000000e+00
1.000000000000000000e+00 8.784313725490195957e-01 0.000000000000000000e+00
1.000000000000000000e+00 8.784313725490195957e-01 0.000000000000000000e+00
1.000000000000000000e+00 8.784313725490195957e-01 0.000000000000000000e+00
1.000000000000000000e+00 8.784313725490195957e-01 0.000000000000000000e+00
1.000000000000000000e+00 8.784313725490195957e-01 0.000000000000000000e+00
1.000000000000000000e+00 8.784313725490195957e-01 0.000000000000000000e+00
1.000000000000000000e+00 8.784313725490195957e-01 0.000000000000000000e+00
1.000000000000000000e+00 8.784313725490195957e-01 0.000000000000000000e+00
1.000000000000000000e+00 8.784313725490195957e-01 0.000000000000000000e+00
1.000000000000000000e+00 5.529411764705882693e-01 0.000000000000000000e+00
1.000000000000000000e+00 5.529411764705882693e-01 0.000000000000000000e+00
1.000000000000000000e+00 5.529411764705882693e-01 0.000000000000000000e+00
1.000000000000000000e+00 5.529411764705882693e-01 0.000000000000000000e+00
1.000000000000000000e+00 5.529411764705882693e-01 0.000000000000000000e+00
1.000000000000000000e+00 5.529411764705882693e-01 0.000000000000000000e+00
1.000000000000000000e+00 5.529411764705882693e-01 0.000000000000000000e+00
1.000000000000000000e+00 5.529411764705882693e-01 0.000000000000000000e+00
1.000000000000000000e+00 5.529411764705882693e-01 0.000000000000000000e+00
1.000000000000000000e+00 5.529411764705882693e-01 0.000000000000000000e+00
1.000000000000000000e+00 5.529411764705882693e-01 0.000000000000000000e+00
1.000000000000000000e+00 5.529411764705882693e-01 0.000000000000000000e+00
1.000000000000000000e+00 5.529411764705882693e-01 0.000000000000000000e+00
1.000000000000000000e+00 5.529411764705882693e-01 0.000000000000000000e+00
1.000000000000000000e+00 5.529411764705882693e-01 0.000000000000000000e+00
1.000000000000000000e+00 5.529411764705882693e-01 0.000000000000000000e+00
9.803921568627450567e-01 3.686274509803921795e-01 0.000000000000000000e+00
9.803921568627450567e-01 3.686274509803921795e-01 0.000000000000000000e+00
9.803921568627450567e-01 3.686274509803921795e-01 0.000000000000000000e+00
9.803921568627450567e-01 3.686274509803921795e-01 0.000000000000000000e+00
9.803921568627450567e-01 3.686274509803921795e-01 0.000000000000000000e+00
9.803921568627450567e-01 3.686274509803921795e-01 0.000000000000000000e+00
9.803921568627450567e-01 3.686274509803921795e-01 0.000000000000000000e+00
9.803921568627450567e-01 3.686274509803921795e-01 0.000000000000000000e+00
9.803921568627450567e-01 3.686274509803921795e-01 0.000000000000000000e+00
9.803921568627450567e-01 3.686274509803921795e-01 0.000000000000000000e+00
9.803921568627450567e-01 3.686274509803921795e-01 0.000000000000000000e+00
9.803921568627450567e-01 3.686274509803921795e-01 0.000000000000000000e+00
9.803921568627450567e-01 3.686274509803921795e-01 0.000000000000000000e+00
9.803921568627450567e-01 3.686274509803921795e-01 0.000000000000000000e+00
9.803921568627450567e-01 3.686274509803921795e-01 0.000000000000000000e+00
9.803921568627450567e-01 3.686274509803921795e-01 0.000000000000000000e+00
9.607843137254902244e-01 0.000000000000000000e+00 0.000000000000000000e+00
9.607843137254902244e-01 0.000000000000000000e+00 0.000000000000000000e+00
9.607843137254902244e-01 0.000000000000000000e+00 0.000000000000000000e+00
9.607843137254902244e-01 0.000000000000000000e+00 0.000000000000000000e+00
9.607843137254902244e-01 0.000000000000000000e+00 0.000000000000000000e+00
9.607843137254902244e-01 0.000000000000000000e+00 0.000000000000000000e+00
9.607843137254902244e-01 0.000000000000000000e+00 0.000000000000000000e+00
9.607843137254902244e-01 0.000000000000000000e+00 0.000000000000000000e+00
9.607843137254902244e-01 0.000000000000000000e+00 0.000000000000000000e+00
9.607843137254902244e-01 0.000000000000000000e+00 0.000000000000000000e+00
9.607843137254902244e-01 0.000000000000000000e+00 0.000000000000000000e+00
9.607843137254902244e-01 0.000000000000000000e+00 0.000000000000000000e+00
9.607843137254902244e-01 0.000000000000000000e+00 0.000000000000000000e+00
9.607843137254902244e-01 0.000000000000000000e+00 0.000000000000000000e+00
9.607843137254902244e-01 0.000000000000000000e+00 0.000000000000000000e+00
9.607843137254902244e-01 0.000000000000000000e+00 0.000000000000000000e+00
9.607843137254902244e-01 0.000000000000000000e+00 5.294117647058823595e-01
9.607843137254902244e-01 0.000000000000000000e+00 5.529411764705882693e-01
9.607843137254902244e-01 0.000000000000000000e+00 5.764705882352940680e-01
9.607843137254902244e-01 0.000000000000000000e+00 5.999999999999999778e-01
9.607843137254902244e-01 0.000000000000000000e+00 6.274509803921568540e-01
9.607843137254902244e-01 0.000000000000000000e+00 6.509803921568627638e-01
9.607843137254902244e-01 0.000000000000000000e+00 6.745098039215686736e-01
9.607843137254902244e-01 0.000000000000000000e+00 6.980392156862744724e-01
9.607843137254902244e-01 0.000000000000000000e+00 7.254901960784313486e-01
9.607843137254902244e-01 0.000000000000000000e+00 7.490196078431372584e-01
9.607843137254902244e-01 0.000000000000000000e+00 7.725490196078431682e-01
9.607843137254902244e-01 0.000000000000000000e+00 7.960784313725489669e-01
9.607843137254902244e-01 0.000000000000000000e+00 8.235294117647058432e-01
9.607843137254902244e-01 0.000000000000000000e+00 8.470588235294117530e-01
9.607843137254902244e-01 0.000000000000000000e+00 8.705882352941176627e-01
9.607843137254902244e-01 0.000000000000000000e+00 8.941176470588235725e-01
8.705882352941176627e-01 7.058823529411765163e-01 8.705882352941176627e-01
8.705882352941176627e-01 7.058823529411765163e-01 8.705882352941176627e-01
8.705882352941176627e-01 7.058823529411765163e-01 8.705882352941176627e-01
8.705882352941176627e-01 7.058823529411765163e-01 8.705882352941176627e-01
8.705882352941176627e-01 7.058823529411765163e-01 8.705882352941176627e-01
8.705882352941176627e-01 7.058823529411765163e-01 8.705882352941176627e-01
8.705882352941176627e-01 7.058823529411765163e-01 8.705882352941176627e-01
8.705882352941176627e-01 7.058823529411765163e-01 8.705882352941176627e-01
8.705882352941176627e-01 7.058823529411765163e-01 8.705882352941176627e-01
8.705882352941176627e-01 7.058823529411765163e-01 8.705882352941176627e-01
8.705882352941176627e-01 7.058823529411765163e-01 8.705882352941176627e-01
8.705882352941176627e-01 7.058823529411765163e-01 8.705882352941176627e-01
8.705882352941176627e-01 7.058823529411765163e-01 8.705882352941176627e-01
8.705882352941176627e-01 7.058823529411765163e-01 8.705882352941176627e-01
8.705882352941176627e-01 7.058823529411765163e-01 8.705882352941176627e-01
8.705882352941176627e-01 7.058823529411765163e-01 8.705882352941176627e-01
1.000000000000000000e+00 1.000000000000000000e+00 1.000000000000000000e+00
1.000000000000000000e+00 1.000000000000000000e+00 1.000000000000000000e+00
1.000000000000000000e+00 1.000000000000000000e+00 1.000000000000000000e+00
1.000000000000000000e+00 1.000000000000000000e+00 1.000000000000000000e+00
1.000000000000000000e+00 1.000000000000000000e+00 1.000000000000000000e+00
1.000000000000000000e+00 1.000000000000000000e+00 1.000000000000000000e+00
1.000000000000000000e+00 1.000000000000000000e+00 1.000000000000000000e+00
1.000000000000000000e+00 1.000000000000000000e+00 1.000000000000000000e+00
1.000000000000000000e+00 1.000000000000000000e+00 1.000000000000000000e+00
1.000000000000000000e+00 1.000000000000000000e+00 1.000000000000000000e+00
1.000000000000000000e+00 1.000000000000000000e+00 1.000000000000000000e+00
1.000000000000000000e+00 1.000000000000000000e+00 1.000000000000000000e+00
1.000000000000000000e+00 1.000000000000000000e+00 1.000000000000000000e+00
1.000000000000000000e+00 1.000000000000000000e+00 1.000000000000000000e+00
1.000000000000000000e+00 1.000000000000000000e+00 1.000000000000000000e+00
1.000000000000000000e+00 1.000000000000000000e+00 1.000000000000000000e+00
