0 0 0.00130208 
0.00343137 0.00343137 0.00603554 
0.00686275 0.00686275 0.010769 
0.0102941 0.0102941 0.0155025 
0.0137255 0.0137255 0.0202359 
0.0171569 0.0171569 0.0249694 
0.0205882 0.0205882 0.0297028 
0.0240196 0.0240196 0.0344363 
0.027451 0.027451 0.0391697 
0.0308824 0.0308824 0.0439032 
0.0343137 0.0343137 0.0486366 
0.0377451 0.0377451 0.0533701 
0.0411765 0.0411765 0.0581036 
0.0446078 0.0446078 0.062837 
0.0480392 0.0480392 0.0675705 
0.0514706 0.0514706 0.0723039 
0.054902 0.054902 0.0770374 
0.0583333 0.0583333 0.0817708 
0.0617647 0.0617647 0.0865043 
0.0651961 0.0651961 0.0912377 
0.0686275 0.0686275 0.0959712 
0.0720588 0.0720588 0.100705 
0.0754902 0.0754902 0.105438 
0.0789216 0.0789216 0.110172 
0.0823529 0.0823529 0.114905 
0.0857843 0.0857843 0.119638 
0.0892157 0.0892157 0.124372 
0.0926471 0.0926471 0.129105 
0.0960784 0.0960784 0.133839 
0.0995098 0.0995098 0.138572 
0.102941 0.102941 0.143306 
0.106373 0.106373 0.148039 
0.109804 0.109804 0.152773 
0.113235 0.113235 0.157506 
0.116667 0.116667 0.16224 
0.120098 0.120098 0.166973 
0.123529 0.123529 0.171706 
0.126961 0.126961 0.17644 
0.130392 0.130392 0.181173 
0.133824 0.133824 0.185907 
0.137255 0.137255 0.19064 
0.140686 0.140686 0.195374 
0.144118 0.144118 0.200107 
0.147549 0.147549 0.204841 
0.15098 0.15098 0.209574 
0.154412 0.154412 0.214308 
0.157843 0.157843 0.219041 
0.161275 0.161275 0.223775 
0.164706 0.164706 0.228508 
0.168137 0.168137 0.233241 
0.171569 0.171569 0.237975 
0.175 0.175 0.242708 
0.178431 0.178431 0.247442 
0.181863 0.181863 0.252175 
0.185294 0.185294 0.256909 
0.188725 0.188725 0.261642 
0.192157 0.192157 0.266376 
0.195588 0.195588 0.271109 
0.19902 0.19902 0.275843 
0.202451 0.202451 0.280576 
0.205882 0.205882 0.285309 
0.209314 0.209314 0.290043 
0.212745 0.212745 0.294776 
0.216176 0.216176 0.29951 
0.219608 0.219608 0.304243 
0.223039 0.223039 0.308977 
0.226471 0.226471 0.31371 
0.229902 0.229902 0.318444 
0.233333 0.233333 0.323177 
0.236765 0.236765 0.327911 
0.240196 0.240196 0.332644 
0.243627 0.243627 0.337377 
0.247059 0.247059 0.342111 
0.25049 0.25049 0.346844 
0.253922 0.253922 0.351578 
0.257353 0.257353 0.356311 
0.260784 0.260784 0.361045 
0.264216 0.264216 0.365778 
0.267647 0.267647 0.370512 
0.271078 0.271078 0.375245 
0.27451 0.27451 0.379979 
0.277941 0.277941 0.384712 
0.281373 0.281373 0.389445 
0.284804 0.284804 0.394179 
0.288235 0.288235 0.398912 
0.291667 0.291667 0.403646 
0.295098 0.295098 0.408379 
0.298529 0.298529 0.413113 
0.301961 0.301961 0.417846 
0.305392 0.305392 0.42258 
0.308824 0.308824 0.427313 
0.312255 0.312255 0.432047 
0.315686 0.315686 0.43678 
0.319118 0.319118 0.441513 
0.322549 0.322549 0.446247 
0.32598 0.32598 0.45098 
0.329412 0.330714 0.454412 
0.332843 0.335447 0.457843 
0.336275 0.340181 0.461275 
0.339706 0.344914 0.464706 
0.343137 0.349648 0.468137 
0.346569 0.354381 0.471569 
0.35 0.359115 0.475 
0.353431 0.363848 0.478431 
0.356863 0.368581 0.481863 
0.360294 0.373315 0.485294 
0.363725 0.378048 0.488725 
0.367157 0.382782 0.492157 
0.370588 0.387515 0.495588 
0.37402 0.392249 0.49902 
0.377451 0.396982 0.502451 
0.380882 0.401716 0.505882 
0.384314 0.406449 0.509314 
0.387745 0.411183 0.512745 
0.391176 0.415916 0.516176 
0.394608 0.42065 0.519608 
0.398039 0.425383 0.523039 
0.401471 0.430116 0.526471 
0.404902 0.43485 0.529902 
0.408333 0.439583 0.533333 
0.411765 0.444317 0.536765 
0.415196 0.44905 0.540196 
0.418627 0.453784 0.543627 
0.422059 0.458517 0.547059 
0.42549 0.463251 0.55049 
0.428922 0.467984 0.553922 
0.432353 0.472718 0.557353 
0.435784 0.477451 0.560784 
0.439216 0.482184 0.564216 
0.442647 0.486918 0.567647 
0.446078 0.491651 0.571078 
0.44951 0.496385 0.57451 
0.452941 0.501118 0.577941 
0.456373 0.505852 0.581373 
0.459804 0.510585 0.584804 
0.463235 0.515319 0.588235 
0.466667 0.520052 0.591667 
0.470098 0.524786 0.595098 
0.473529 0.529519 0.598529 
0.476961 0.534252 0.601961 
0.480392 0.538986 0.605392 
0.483824 0.543719 0.608824 
0.487255 0.548453 0.612255 
0.490686 0.553186 0.615686 
0.494118 0.55792 0.619118 
0.497549 0.562653 0.622549 
0.50098 0.567387 0.62598 
0.504412 0.57212 0.629412 
0.507843 0.576854 0.632843 
0.511275 0.581587 0.636275 
0.514706 0.58632 0.639706 
0.518137 0.591054 0.643137 
0.521569 0.595787 0.646569 
0.525 0.600521 0.65 
0.528431 0.605254 0.653431 
0.531863 0.609988 0.656863 
0.535294 0.614721 0.660294 
0.538725 0.619455 0.663725 
0.542157 0.624188 0.667157 
0.545588 0.628922 0.670588 
0.54902 0.633655 0.67402 
0.552451 0.638388 0.677451 
0.555882 0.643122 0.680882 
0.559314 0.647855 0.684314 
0.562745 0.652589 0.687745 
0.566176 0.657322 0.691176 
0.569608 0.662056 0.694608 
0.573039 0.666789 0.698039 
0.576471 0.671523 0.701471 
0.579902 0.676256 0.704902 
0.583333 0.68099 0.708333 
0.586765 0.685723 0.711765 
0.590196 0.690456 0.715196 
0.593627 0.69519 0.718627 
0.597059 0.699923 0.722059 
0.60049 0.704657 0.72549 
0.603922 0.70939 0.728922 
0.607353 0.714124 0.732353 
0.610784 0.718857 0.735784 
0.614216 0.723591 0.739216 
0.617647 0.728324 0.742647 
0.621078 0.733058 0.746078 
0.62451 0.737791 0.74951 
0.627941 0.742525 0.752941 
0.631373 0.747258 0.756373 
0.634804 0.751991 0.759804 
0.638235 0.756725 0.763235 
0.641667 0.761458 0.766667 
0.645098 0.766192 0.770098 
0.648529 0.770925 0.773529 
0.651961 0.775659 0.776961 
0.655392 0.780392 0.780392 
0.660777 0.783824 0.783824 
0.666161 0.787255 0.787255 
0.671546 0.790686 0.790686 
0.67693 0.794118 0.794118 
0.682315 0.797549 0.797549 
0.687699 0.80098 0.80098 
0.693084 0.804412 0.804412 
0.698468 0.807843 0.807843 
0.703853 0.811275 0.811275 
0.709237 0.814706 0.814706 
0.714622 0.818137 0.818137 
0.720006 0.821569 0.821569 
0.725391 0.825 0.825 
0.730775 0.828431 0.828431 
0.73616 0.831863 0.831863 
0.741544 0.835294 0.835294 
0.746929 0.838725 0.838725 
0.752313 0.842157 0.842157 
0.757698 0.845588 0.845588 
0.763082 0.84902 0.84902 
0.768467 0.852451 0.852451 
0.773851 0.855882 0.855882 
0.779236 0.859314 0.859314 
0.78462 0.862745 0.862745 
0.790005 0.866176 0.866176 
0.795389 0.869608 0.869608 
0.800774 0.873039 0.873039 
0.806158 0.876471 0.876471 
0.811543 0.879902 0.879902 
0.816927 0.883333 0.883333 
0.822312 0.886765 0.886765 
0.827696 0.890196 0.890196 
0.833081 0.893627 0.893627 
0.838465 0.897059 0.897059 
0.84385 0.90049 0.90049 
0.849234 0.903922 0.903922 
0.854619 0.907353 0.907353 
0.860003 0.910784 0.910784 
0.865388 0.914216 0.914216 
0.870772 0.917647 0.917647 
0.876157 0.921078 0.921078 
0.881541 0.92451 0.92451 
0.886926 0.927941 0.927941 
0.89231 0.931373 0.931373 
0.897695 0.934804 0.934804 
0.903079 0.938235 0.938235 
0.908464 0.941667 0.941667 
0.913848 0.945098 0.945098 
0.919233 0.948529 0.948529 
0.924617 0.951961 0.951961 
0.930002 0.955392 0.955392 
0.935386 0.958824 0.958824 
0.940771 0.962255 0.962255 
0.946155 0.965686 0.965686 
0.95154 0.969118 0.969118 
0.956924 0.972549 0.972549 
0.962309 0.97598 0.97598 
0.967693 0.979412 0.979412 
0.973078 0.982843 0.982843 
0.978462 0.986275 0.986275 
0.983847 0.989706 0.989706 
0.989231 0.993137 0.993137 
0.994616 0.996569 0.996569 
1 1 1 
