0 0 0 
0.00490196 0.00306353 0.00195098 
0.00980392 0.00612706 0.00390196 
0.0147059 0.00919059 0.00585294 
0.0196078 0.0122541 0.00780392 
0.0245098 0.0153176 0.0097549 
0.0294118 0.0183812 0.0117059 
0.0343137 0.0214447 0.0136569 
0.0392157 0.0245082 0.0156078 
0.0441176 0.0275718 0.0175588 
0.0490196 0.0306353 0.0195098 
0.0539216 0.0336988 0.0214608 
0.0588235 0.0367624 0.0234118 
0.0637255 0.0398259 0.0253627 
0.0686275 0.0428894 0.0273137 
0.0735294 0.0459529 0.0292647 
0.0784314 0.0490165 0.0312157 
0.0833333 0.05208 0.0331667 
0.0882353 0.0551435 0.0351176 
0.0931373 0.0582071 0.0370686 
0.0980392 0.0612706 0.0390196 
0.102941 0.0643341 0.0409706 
0.107843 0.0673976 0.0429216 
0.112745 0.0704612 0.0448725 
0.117647 0.0735247 0.0468235 
0.122549 0.0765882 0.0487745 
0.127451 0.0796518 0.0507255 
0.132353 0.0827153 0.0526765 
0.137255 0.0857788 0.0546275 
0.142157 0.0888424 0.0565784 
0.147059 0.0919059 0.0585294 
0.151961 0.0949694 0.0604804 
0.156863 0.0980329 0.0624314 
0.161765 0.101096 0.0643824 
0.166667 0.10416 0.0663333 
0.171569 0.107224 0.0682843 
0.176471 0.110287 0.0702353 
0.181373 0.113351 0.0721863 
0.186275 0.116414 0.0741373 
0.191176 0.119478 0.0760882 
0.196078 0.122541 0.0780392 
0.20098 0.125605 0.0799902 
0.205882 0.128668 0.0819412 
0.210784 0.131732 0.0838922 
0.215686 0.134795 0.0858431 
0.220588 0.137859 0.0877941 
0.22549 0.140922 0.0897451 
0.230392 0.143986 0.0916961 
0.235294 0.147049 0.0936471 
0.240196 0.150113 0.095598 
0.245098 0.153176 0.097549 
0.25 0.15624 0.0995 
0.254902 0.159304 0.101451 
0.259804 0.162367 0.103402 
0.264706 0.165431 0.105353 
0.269608 0.168494 0.107304 
0.27451 0.171558 0.109255 
0.279412 0.174621 0.111206 
0.284314 0.177685 0.113157 
0.289216 0.180748 0.115108 
0.294118 0.183812 0.117059 
0.29902 0.186875 0.11901 
0.303922 0.189939 0.120961 
0.308824 0.193002 0.122912 
0.313725 0.196066 0.124863 
0.318627 0.199129 0.126814 
0.323529 0.202193 0.128765 
0.328431 0.205256 0.130716 
0.333333 0.20832 0.132667 
0.338235 0.211384 0.134618 
0.343137 0.214447 0.136569 
0.348039 0.217511 0.13852 
0.352941 0.220574 0.140471 
0.357843 0.223638 0.142422 
0.362745 0.226701 0.144373 
0.367647 0.229765 0.146324 
0.372549 0.232828 0.148275 
0.377451 0.235892 0.150225 
0.382353 0.238955 0.152176 
0.387255 0.242019 0.154127 
0.392157 0.245082 0.156078 
0.397059 0.248146 0.158029 
0.401961 0.251209 0.15998 
0.406863 0.254273 0.161931 
0.411765 0.257336 0.163882 
0.416667 0.2604 0.165833 
0.421569 0.263464 0.167784 
0.426471 0.266527 0.169735 
0.431373 0.269591 0.171686 
0.436275 0.272654 0.173637 
0.441176 0.275718 0.175588 
0.446078 0.278781 0.177539 
0.45098 0.281845 0.17949 
0.455882 0.284908 0.181441 
0.460784 0.287972 0.183392 
0.465686 0.291035 0.185343 
0.470588 0.294099 0.187294 
0.47549 0.297162 0.189245 
0.480392 0.300226 0.191196 
0.485294 0.303289 0.193147 
0.490196 0.306353 0.195098 
0.495098 0.309416 0.197049 
0.5 0.31248 0.199 
0.504902 0.315544 0.200951 
0.509804 0.318607 0.202902 
0.514706 0.321671 0.204853 
0.519608 0.324734 0.206804 
0.52451 0.327798 0.208755 
0.529412 0.330861 0.210706 
0.534314 0.333925 0.212657 
0.539216 0.336988 0.214608 
0.544118 0.340052 0.216559 
0.54902 0.343115 0.21851 
0.553922 0.346179 0.220461 
0.558824 0.349242 0.222412 
0.563725 0.352306 0.224363 
0.568627 0.355369 0.226314 
0.573529 0.358433 0.228265 
0.578431 0.361496 0.230216 
0.583333 0.36456 0.232167 
0.588235 0.367624 0.234118 
0.593137 0.370687 0.236069 
0.598039 0.373751 0.23802 
0.602941 0.376814 0.239971 
0.607843 0.379878 0.241922 
0.612745 0.382941 0.243873 
0.617647 0.386005 0.245824 
0.622549 0.389068 0.247775 
0.627451 0.392132 0.249725 
0.632353 0.395195 0.251676 
0.637255 0.398259 0.253627 
0.642157 0.401322 0.255578 
0.647059 0.404386 0.257529 
0.651961 0.407449 0.25948 
0.656863 0.410513 0.261431 
0.661765 0.413576 0.263382 
0.666667 0.41664 0.265333 
0.671569 0.419704 0.267284 
0.676471 0.422767 0.269235 
0.681373 0.425831 0.271186 
0.686275 0.428894 0.273137 
0.691176 0.431958 0.275088 
0.696078 0.435021 0.277039 
0.70098 0.438085 0.27899 
0.705882 0.441148 0.280941 
0.710784 0.444212 0.282892 
0.715686 0.447275 0.284843 
0.720588 0.450339 0.286794 
0.72549 0.453402 0.288745 
0.730392 0.456466 0.290696 
0.735294 0.459529 0.292647 
0.740196 0.462593 0.294598 
0.745098 0.465656 0.296549 
0.75 0.46872 0.2985 
0.754902 0.471784 0.300451 
0.759804 0.474847 0.302402 
0.764706 0.477911 0.304353 
0.769608 0.480974 0.306304 
0.77451 0.484038 0.308255 
0.779412 0.487101 0.310206 
0.784314 0.490165 0.312157 
0.789216 0.493228 0.314108 
0.794118 0.496292 0.316059 
0.79902 0.499355 0.31801 
0.803922 0.502419 0.319961 
0.808824 0.505482 0.321912 
0.813725 0.508546 0.323863 
0.818627 0.511609 0.325814 
0.823529 0.514673 0.327765 
0.828431 0.517736 0.329716 
0.833333 0.5208 0.331667 
0.838235 0.523864 0.333618 
0.843137 0.526927 0.335569 
0.848039 0.529991 0.33752 
0.852941 0.533054 0.339471 
0.857843 0.536118 0.341422 
0.862745 0.539181 0.343373 
0.867647 0.542245 0.345324 
0.872549 0.545308 0.347275 
0.877451 0.548372 0.349225 
0.882353 0.551435 0.351176 
0.887255 0.554499 0.353127 
0.892157 0.557562 0.355078 
0.897059 0.560626 0.357029 
0.901961 0.563689 0.35898 
0.906863 0.566753 0.360931 
0.911765 0.569816 0.362882 
0.916667 0.57288 0.364833 
0.921569 0.575944 0.366784 
0.926471 0.579007 0.368735 
0.931373 0.582071 0.370686 
0.936275 0.585134 0.372637 
0.941176 0.588198 0.374588 
0.946078 0.591261 0.376539 
0.95098 0.594325 0.37849 
0.955882 0.597388 0.380441 
0.960784 0.600452 0.382392 
0.965686 0.603515 0.384343 
0.970588 0.606579 0.386294 
0.97549 0.609642 0.388245 
0.980392 0.612706 0.390196 
0.985294 0.615769 0.392147 
0.990196 0.618833 0.394098 
0.995098 0.621896 0.396049 
1 0.62496 0.398 
1 0.628024 0.399951 
1 0.631087 0.401902 
1 0.634151 0.403853 
1 0.637214 0.405804 
1 0.640278 0.407755 
1 0.643341 0.409706 
1 0.646405 0.411657 
1 0.649468 0.413608 
1 0.652532 0.415559 
1 0.655595 0.41751 
1 0.658659 0.419461 
1 0.661722 0.421412 
1 0.664786 0.423363 
1 0.667849 0.425314 
1 0.670913 0.427265 
1 0.673976 0.429216 
1 0.67704 0.431167 
1 0.680104 0.433118 
1 0.683167 0.435069 
1 0.686231 0.43702 
1 0.689294 0.438971 
1 0.692358 0.440922 
1 0.695421 0.442873 
1 0.698485 0.444824 
1 0.701548 0.446775 
1 0.704612 0.448725 
1 0.707675 0.450676 
1 0.710739 0.452627 
1 0.713802 0.454578 
1 0.716866 0.456529 
1 0.719929 0.45848 
1 0.722993 0.460431 
1 0.726056 0.462382 
1 0.72912 0.464333 
1 0.732184 0.466284 
1 0.735247 0.468235 
1 0.738311 0.470186 
1 0.741374 0.472137 
1 0.744438 0.474088 
1 0.747501 0.476039 
1 0.750565 0.47799 
1 0.753628 0.479941 
1 0.756692 0.481892 
1 0.759755 0.483843 
1 0.762819 0.485794 
1 0.765882 0.487745 
1 0.768946 0.489696 
1 0.772009 0.491647 
1 0.775073 0.493598 
1 0.778136 0.495549 
1 0.7812 0.4975 
