0.0104167 0 0 
0.0208333 0 0 
0.03125 0 0 
0.0416667 0 0 
0.0520833 0 0 
0.0625 0 0 
0.0729167 0 0 
0.0833333 0 0 
0.09375 0 0 
0.104167 0 0 
0.114583 0 0 
0.125 0 0 
0.135417 0 0 
0.145833 0 0 
0.15625 0 0 
0.166667 0 0 
0.177083 0 0 
0.1875 0 0 
0.197917 0 0 
0.208333 0 0 
0.21875 0 0 
0.229167 0 0 
0.239583 0 0 
0.25 0 0 
0.260417 0 0 
0.270833 0 0 
0.28125 0 0 
0.291667 0 0 
0.302083 0 0 
0.3125 0 0 
0.322917 0 0 
0.333333 0 0 
0.34375 0 0 
0.354167 0 0 
0.364583 0 0 
0.375 0 0 
0.385417 0 0 
0.395833 0 0 
0.40625 0 0 
0.416667 0 0 
0.427083 0 0 
0.4375 0 0 
0.447917 0 0 
0.458333 0 0 
0.46875 0 0 
0.479167 0 0 
0.489583 0 0 
0.5 0 0 
0.510417 0 0 
0.520833 0 0 
0.53125 0 0 
0.541667 0 0 
0.552083 0 0 
0.5625 0 0 
0.572917 0 0 
0.583333 0 0 
0.59375 0 0 
0.604167 0 0 
0.614583 0 0 
0.625 0 0 
0.635417 0 0 
0.645833 0 0 
0.65625 0 0 
0.666667 0 0 
0.677083 0 0 
0.6875 0 0 
0.697917 0 0 
0.708333 0 0 
0.71875 0 0 
0.729167 0 0 
0.739583 0 0 
0.75 0 0 
0.760417 0 0 
0.770833 0 0 
0.78125 0 0 
0.791667 0 0 
0.802083 0 0 
0.8125 0 0 
0.822917 0 0 
0.833333 0 0 
0.84375 0 0 
0.854167 0 0 
0.864583 0 0 
0.875 0 0 
0.885417 0 0 
0.895833 0 0 
0.90625 0 0 
0.916667 0 0 
0.927083 0 0 
0.9375 0 0 
0.947917 0 0 
0.958333 0 0 
0.96875 0 0 
0.979167 0 0 
0.989583 0 0 
1 0 0 
1 0.0104167 0 
1 0.0208333 0 
1 0.03125 0 
1 0.0416667 0 
1 0.0520833 0 
1 0.0625 0 
1 0.0729167 0 
1 0.0833333 0 
1 0.09375 0 
1 0.104167 0 
1 0.114583 0 
1 0.125 0 
1 0.135417 0 
1 0.145833 0 
1 0.15625 0 
1 0.166667 0 
1 0.177083 0 
1 0.1875 0 
1 0.197917 0 
1 0.208333 0 
1 0.21875 0 
1 0.229167 0 
1 0.239583 0 
1 0.25 0 
1 0.260417 0 
1 0.270833 0 
1 0.28125 0 
1 0.291667 0 
1 0.302083 0 
1 0.3125 0 
1 0.322917 0 
1 0.333333 0 
1 0.34375 0 
1 0.354167 0 
1 0.364583 0 
1 0.375 0 
1 0.385417 0 
1 0.395833 0 
1 0.40625 0 
1 0.416667 0 
1 0.427083 0 
1 0.4375 0 
1 0.447917 0 
1 0.458333 0 
1 0.46875 0 
1 0.479167 0 
1 0.489583 0 
1 0.5 0 
1 0.510417 0 
1 0.520833 0 
1 0.53125 0 
1 0.541667 0 
1 0.552083 0 
1 0.5625 0 
1 0.572917 0 
1 0.583333 0 
1 0.59375 0 
1 0.604167 0 
1 0.614583 0 
1 0.625 0 
1 0.635417 0 
1 0.645833 0 
1 0.65625 0 
1 0.666667 0 
1 0.677083 0 
1 0.6875 0 
1 0.697917 0 
1 0.708333 0 
1 0.71875 0 
1 0.729167 0 
1 0.739583 0 
1 0.75 0 
1 0.760417 0 
1 0.770833 0 
1 0.78125 0 
1 0.791667 0 
1 0.802083 0 
1 0.8125 0 
1 0.822917 0 
1 0.833333 0 
1 0.84375 0 
1 0.854167 0 
1 0.864583 0 
1 0.875 0 
1 0.885417 0 
1 0.895833 0 
1 0.90625 0 
1 0.916667 0 
1 0.927083 0 
1 0.9375 0 
1 0.947917 0 
1 0.958333 0 
1 0.96875 0 
1 0.979167 0 
1 0.989583 0 
1 1 0 
1 1 0.015625 
1 1 0.03125 
1 1 0.046875 
1 1 0.0625 
1 1 0.078125 
1 1 0.09375 
1 1 0.109375 
1 1 0.125 
1 1 0.140625 
1 1 0.15625 
1 1 0.171875 
1 1 0.1875 
1 1 0.203125 
1 1 0.21875 
1 1 0.234375 
1 1 0.25 
1 1 0.265625 
1 1 0.28125 
1 1 0.296875 
1 1 0.3125 
1 1 0.328125 
1 1 0.34375 
1 1 0.359375 
1 1 0.375 
1 1 0.390625 
1 1 0.40625 
1 1 0.421875 
1 1 0.4375 
1 1 0.453125 
1 1 0.46875 
1 1 0.484375 
1 1 0.5 
1 1 0.515625 
1 1 0.53125 
1 1 0.546875 
1 1 0.5625 
1 1 0.578125 
1 1 0.59375 
1 1 0.609375 
1 1 0.625 
1 1 0.640625 
1 1 0.65625 
1 1 0.671875 
1 1 0.6875 
1 1 0.703125 
1 1 0.71875 
1 1 0.734375 
1 1 0.75 
1 1 0.765625 
1 1 0.78125 
1 1 0.796875 
1 1 0.8125 
1 1 0.828125 
1 1 0.84375 
1 1 0.859375 
1 1 0.875 
1 1 0.890625 
1 1 0.90625 
1 1 0.921875 
1 1 0.9375 
1 1 0.953125 
1 1 0.96875 
1 1 0.984375 
1 1 1 
