0.0589256 0 0 
0.0977692 0.051131 0.051131 
0.125082 0.0723102 0.0723102 
0.147418 0.0885615 0.0885615 
0.166789 0.102262 0.102262 
0.184134 0.114332 0.114332 
0.19998 0.125245 0.125245 
0.214659 0.13528 0.13528 
0.228397 0.14462 0.14462 
0.241354 0.153393 0.153393 
0.25365 0.16169 0.16169 
0.265377 0.169582 0.169582 
0.276607 0.177123 0.177123 
0.287399 0.184355 0.184355 
0.2978 0.191315 0.191315 
0.307849 0.19803 0.19803 
0.317581 0.204524 0.204524 
0.327024 0.210819 0.210819 
0.336201 0.21693 0.21693 
0.345134 0.222875 0.222875 
0.353842 0.228665 0.228665 
0.362341 0.234312 0.234312 
0.370645 0.239826 0.239826 
0.378766 0.245216 0.245216 
0.386718 0.25049 0.25049 
0.394509 0.255655 0.255655 
0.402149 0.260718 0.260718 
0.409647 0.265684 0.265684 
0.41701 0.27056 0.27056 
0.424245 0.275349 0.275349 
0.431359 0.280056 0.280056 
0.438357 0.284685 0.284685 
0.445245 0.289241 0.289241 
0.452029 0.293725 0.293725 
0.458712 0.298142 0.298142 
0.465299 0.302495 0.302495 
0.471794 0.306786 0.306786 
0.478201 0.311018 0.311018 
0.484524 0.315193 0.315193 
0.490764 0.319313 0.319313 
0.496927 0.323381 0.323381 
0.503014 0.327398 0.327398 
0.509028 0.331367 0.331367 
0.514972 0.335288 0.335288 
0.520848 0.339165 0.339165 
0.526659 0.342997 0.342997 
0.532406 0.346787 0.346787 
0.538092 0.350536 0.350536 
0.543718 0.354246 0.354246 
0.549287 0.357917 0.357917 
0.554799 0.361551 0.361551 
0.560258 0.365148 0.365148 
0.565664 0.368711 0.368711 
0.571018 0.372239 0.372239 
0.576323 0.375735 0.375735 
0.58158 0.379198 0.379198 
0.586789 0.382629 0.382629 
0.591953 0.386031 0.386031 
0.597072 0.389402 0.389402 
0.602148 0.392745 0.392745 
0.607181 0.396059 0.396059 
0.612172 0.399346 0.399346 
0.617124 0.402606 0.402606 
0.622035 0.40584 0.40584 
0.626909 0.409048 0.409048 
0.631745 0.412231 0.412231 
0.636544 0.41539 0.41539 
0.641307 0.418525 0.418525 
0.646035 0.421637 0.421637 
0.650729 0.424726 0.424726 
0.655389 0.427793 0.427793 
0.660016 0.430837 0.430837 
0.664611 0.433861 0.433861 
0.669174 0.436863 0.436863 
0.673707 0.439845 0.439845 
0.678209 0.442807 0.442807 
0.682681 0.44575 0.44575 
0.687125 0.448673 0.448673 
0.69154 0.451577 0.451577 
0.695927 0.454462 0.454462 
0.700286 0.45733 0.45733 
0.704618 0.460179 0.460179 
0.708924 0.463011 0.463011 
0.713204 0.465826 0.465826 
0.717459 0.468623 0.468623 
0.721688 0.471405 0.471405 
0.725893 0.474169 0.474169 
0.730073 0.476918 0.476918 
0.73423 0.479651 0.479651 
0.738363 0.482369 0.482369 
0.742473 0.485071 0.485071 
0.746561 0.487759 0.487759 
0.750626 0.490431 0.490431 
0.75467 0.493089 0.493089 
0.758691 0.495733 0.495733 
0.762692 0.498363 0.498363 
0.764404 0.504433 0.500979 
0.766112 0.51043 0.503582 
0.767817 0.516358 0.506171 
0.769517 0.522219 0.508747 
0.771214 0.528014 0.51131 
0.772907 0.533747 0.51386 
0.774597 0.539418 0.516398 
0.776282 0.545031 0.518923 
0.777964 0.550586 0.521436 
0.779643 0.556086 0.523937 
0.781318 0.561532 0.526426 
0.782989 0.566926 0.528903 
0.784657 0.572269 0.531369 
0.786321 0.577562 0.533823 
0.787982 0.582808 0.536266 
0.789639 0.588006 0.538699 
0.791292 0.59316 0.54112 
0.792943 0.598268 0.54353 
0.79459 0.603334 0.54593 
0.796233 0.608357 0.548319 
0.797873 0.613339 0.550698 
0.79951 0.618281 0.553066 
0.801143 0.623184 0.555425 
0.802773 0.628048 0.557773 
0.8044 0.632875 0.560112 
0.806023 0.637666 0.562441 
0.807643 0.642421 0.56476 
0.80926 0.647141 0.56707 
0.810874 0.651826 0.569371 
0.812484 0.656479 0.571662 
0.814092 0.661098 0.573944 
0.815696 0.665686 0.576217 
0.817297 0.670242 0.578481 
0.818895 0.674767 0.580737 
0.820489 0.679262 0.582983 
0.822081 0.683728 0.585221 
0.823669 0.688164 0.58745 
0.825255 0.692573 0.589671 
0.826837 0.696953 0.591884 
0.828417 0.701306 0.594089 
0.829993 0.705632 0.596285 
0.831567 0.709932 0.598473 
0.833137 0.714206 0.600653 
0.834705 0.718454 0.602826 
0.836269 0.722678 0.60499 
0.837831 0.726877 0.607147 
0.83939 0.731051 0.609296 
0.840946 0.735203 0.611438 
0.842499 0.73933 0.613572 
0.844049 0.743435 0.615699 
0.845596 0.747518 0.617818 
0.847141 0.751578 0.61993 
0.848682 0.755616 0.622035 
0.850221 0.759633 0.624133 
0.851757 0.763629 0.626224 
0.85329 0.767604 0.628308 
0.854821 0.771558 0.630385 
0.856349 0.775493 0.632456 
0.857874 0.779407 0.634519 
0.859396 0.783302 0.636576 
0.860916 0.787178 0.638626 
0.862433 0.791034 0.64067 
0.863947 0.794872 0.642707 
0.865459 0.798692 0.644737 
0.866968 0.802493 0.646762 
0.868475 0.806276 0.64878 
0.869979 0.810042 0.650791 
0.87148 0.81379 0.652797 
0.872979 0.817522 0.654796 
0.874475 0.821236 0.65679 
0.875968 0.824933 0.658777 
0.877459 0.828614 0.660758 
0.878948 0.832279 0.662733 
0.880434 0.835927 0.664703 
0.881917 0.83956 0.666667 
0.883398 0.843177 0.668625 
0.884877 0.846779 0.670577 
0.886353 0.850365 0.672523 
0.887826 0.853936 0.674464 
0.889297 0.857493 0.6764 
0.890766 0.861035 0.678329 
0.892232 0.864562 0.680254 
0.893696 0.868075 0.682173 
0.895158 0.871574 0.684086 
0.896617 0.875058 0.685994 
0.898073 0.878529 0.687897 
0.899528 0.881987 0.689795 
0.90098 0.88543 0.691687 
0.90243 0.888861 0.693575 
0.903877 0.892278 0.695457 
0.905322 0.895682 0.697334 
0.906765 0.899074 0.699206 
0.908205 0.902452 0.701073 
0.909643 0.905818 0.702935 
0.911079 0.909172 0.704792 
0.912513 0.912513 0.706644 
0.913944 0.913944 0.712158 
0.915373 0.915373 0.717629 
0.9168 0.9168 0.723059 
0.918225 0.918225 0.728449 
0.919648 0.919648 0.733798 
0.921068 0.921068 0.739109 
0.922486 0.922486 0.744383 
0.923902 0.923902 0.749619 
0.925316 0.925316 0.754818 
0.926727 0.926727 0.759983 
0.928137 0.928137 0.765112 
0.929544 0.929544 0.770207 
0.930949 0.930949 0.775269 
0.932352 0.932352 0.780298 
0.933753 0.933753 0.785294 
0.935152 0.935152 0.790259 
0.936549 0.936549 0.795193 
0.937944 0.937944 0.800097 
0.939336 0.939336 0.804971 
0.940727 0.940727 0.809815 
0.942116 0.942116 0.814631 
0.943502 0.943502 0.819418 
0.944886 0.944886 0.824178 
0.946269 0.946269 0.82891 
0.947649 0.947649 0.833615 
0.949028 0.949028 0.838294 
0.950404 0.950404 0.842947 
0.951779 0.951779 0.847574 
0.953151 0.953151 0.852177 
0.954521 0.954521 0.856754 
0.95589 0.95589 0.861307 
0.957256 0.957256 0.865837 
0.958621 0.958621 0.870342 
0.959984 0.959984 0.874825 
0.961344 0.961344 0.879285 
0.962703 0.962703 0.883722 
0.96406 0.96406 0.888137 
0.965415 0.965415 0.89253 
0.966768 0.966768 0.896901 
0.968119 0.968119 0.901252 
0.969469 0.969469 0.905581 
0.970816 0.970816 0.90989 
0.972162 0.972162 0.914179 
0.973505 0.973505 0.918447 
0.974847 0.974847 0.922696 
0.976187 0.976187 0.926926 
0.977525 0.977525 0.931136 
0.978862 0.978862 0.935327 
0.980196 0.980196 0.9395 
0.981529 0.981529 0.943654 
0.98286 0.98286 0.947789 
0.984189 0.984189 0.951907 
0.985516 0.985516 0.956007 
0.986842 0.986842 0.96009 
0.988165 0.988165 0.964155 
0.989487 0.989487 0.968204 
0.990807 0.990807 0.972235 
0.992126 0.992126 0.97625 
0.993443 0.993443 0.980248 
0.994757 0.994757 0.98423 
0.996071 0.996071 0.988196 
0.997382 0.997382 0.992146 
0.998692 0.998692 0.996081 
1 1 1 
