5.122706294059753418e-01 6.286190748214721680e-01 6.098240613937377930e-02
5.245338082313537598e-01 6.239225864410400391e-01 5.524196103215217590e-02
5.367822647094726562e-01 6.191664934158325195e-01 4.976942390203475952e-02
5.490085482597351074e-01 6.143536567687988281e-01 4.456808790564537048e-02
5.612053275108337402e-01 6.094870567321777344e-01 3.964108601212501526e-02
5.733652114868164062e-01 6.045694947242736816e-01 3.499138727784156799e-02
5.854809284210205078e-01 5.996041297912597656e-01 3.062179312109947205e-02
5.975451469421386719e-01 5.945937037467956543e-01 2.653493545949459076e-02
6.095505952835083008e-01 5.895413756370544434e-01 2.273327484726905823e-02
6.214900612831115723e-01 5.844501852989196777e-01 1.921910047531127930e-02
6.333563923835754395e-01 5.793231725692749023e-01 1.599453203380107880e-02
6.451423168182373047e-01 5.741634964942932129e-01 1.306151039898395538e-02
6.568408608436584473e-01 5.689741373062133789e-01 1.042180228978395462e-02
6.684449315071105957e-01 5.637583136558532715e-01 8.076997473835945129e-03
6.799474954605102539e-01 5.585191249847412109e-01 6.028508301824331284e-03
6.913416981697082520e-01 5.532597303390502930e-01 4.277569241821765900e-03
7.026206851005554199e-01 5.479834079742431641e-01 2.825235016644001007e-03
7.137775421142578125e-01 5.426931381225585938e-01 1.672380371019244194e-03
7.248056530952453613e-01 5.373922586441040039e-01 8.196995477192103863e-04
7.356983423233032227e-01 5.320838689804077148e-01 2.677062584552913904e-04
7.464491128921508789e-01 5.267713069915771484e-01 1.673304177529644221e-05
7.570513486862182617e-01 5.214576125144958496e-01 6.693104660371318460e-05
7.674987912178039551e-01 5.161460638046264648e-01 4.182700358796864748e-04
7.777851223945617676e-01 5.108398199081420898e-01 1.070538419298827648e-03
7.879040837287902832e-01 5.055420994758605957e-01 2.023343229666352272e-03
7.978496551513671875e-01 5.002561807632446289e-01 3.276110393926501274e-03
8.076158165931701660e-01 4.949851036071777344e-01 4.828085657209157944e-03
8.171966671943664551e-01 4.897321164608001709e-01 6.678333971649408340e-03
8.265864253044128418e-01 4.845003783702850342e-01 8.825740776956081390e-03
8.357794880867004395e-01 4.792930483818054199e-01 1.126901246607303619e-02
8.447702527046203613e-01 4.741132259368896484e-01 1.400667801499366760e-02
8.535534143447875977e-01 4.689640402793884277e-01 1.703708618879318237e-02
8.621235489845275879e-01 4.638486504554748535e-01 2.035841532051563263e-02
8.704755902290344238e-01 4.587700963020324707e-01 2.396866120398044586e-02
8.786044120788574219e-01 4.537313878536224365e-01 2.786565013229846954e-02
8.865052461624145508e-01 4.487356543540954590e-01 3.204703703522682190e-02
8.941732048988342285e-01 4.437858462333679199e-01 3.651029989123344421e-02
9.016037583351135254e-01 4.388849139213562012e-01 4.125275090336799622e-02
9.087924361228942871e-01 4.340358972549438477e-01 4.627153649926185608e-02
9.157348275184631348e-01 4.292416870594024658e-01 5.156362801790237427e-02
9.224267601966857910e-01 4.245051741600036621e-01 5.712584406137466431e-02
9.288643002510070801e-01 4.198291897773742676e-01 6.295482814311981201e-02
9.350435137748718262e-01 4.152165055274963379e-01 6.904707103967666626e-02
9.409606456756591797e-01 4.106699824333190918e-01 7.539890706539154053e-02
9.466121792793273926e-01 4.061923027038574219e-01 8.200650662183761597e-02
9.519946575164794922e-01 4.017862379550933838e-01 8.886589109897613525e-02
9.571048617362976074e-01 3.974543511867523193e-01 9.597292542457580566e-02
9.619397521018981934e-01 3.931992650032043457e-01 1.033233329653739929e-01
9.664964079856872559e-01 3.890236318111419678e-01 1.109126806259155273e-01
9.707720279693603516e-01 3.849298954010009766e-01 1.187364012002944946e-01
9.747641086578369141e-01 3.809205293655395508e-01 1.267897784709930420e-01
9.784701466560363770e-01 3.769979476928710938e-01 1.350679695606231689e-01
9.818880558013916016e-01 3.731645047664642334e-01 1.435659676790237427e-01
9.850156307220458984e-01 3.694225251674652100e-01 1.522786766290664673e-01
9.878510832786560059e-01 3.657742738723754883e-01 1.612008512020111084e-01
9.903926253318786621e-01 3.622219264507293701e-01 1.703270971775054932e-01
9.926388263702392578e-01 3.587675988674163818e-01 1.796519160270690918e-01
9.945882558822631836e-01 3.554134368896484375e-01 1.891697198152542114e-01
9.962397813796997070e-01 3.521614372730255127e-01 1.988747417926788330e-01
9.975923895835876465e-01 3.490135669708251953e-01 2.087611556053161621e-01
9.986452460289001465e-01 3.459716439247131348e-01 2.188230007886886597e-01
9.993977546691894531e-01 3.430376052856445312e-01 2.290542125701904297e-01
9.998494386672973633e-01 3.402131497859954834e-01 2.394486367702484131e-01
1.000000000000000000e+00 3.375000059604644775e-01 2.500000000000000000e-01
9.998494386672973633e-01 3.348998129367828369e-01 2.607019543647766113e-01
9.993977546691894531e-01 3.324141502380371094e-01 2.715480625629425049e-01
9.986452460289001465e-01 3.300444483757019043e-01 2.825317680835723877e-01
9.975923895835876465e-01 3.277922272682189941e-01 2.936464846134185791e-01
9.962397813796997070e-01 3.256587386131286621e-01 3.048855066299438477e-01
9.945882558822631836e-01 3.236453533172607422e-01 3.162420392036437988e-01
9.926388263702392578e-01 3.217532634735107422e-01 3.277092576026916504e-01
9.903926253318786621e-01 3.199836313724517822e-01 3.392802774906158447e-01
9.878510832786560059e-01 3.183374404907226562e-01 3.509480953216552734e-01
9.850156307220458984e-01 3.168157637119293213e-01 3.627056777477264404e-01
9.818880558013916016e-01 3.154194951057434082e-01 3.745459914207458496e-01
9.784701466560363770e-01 3.141494393348693848e-01 3.864618539810180664e-01
9.747641086578369141e-01 3.130064308643341064e-01 3.984461426734924316e-01
9.707720279693603516e-01 3.119910955429077148e-01 4.104915559291839600e-01
9.664964079856872559e-01 3.111040592193603516e-01 4.225909113883972168e-01
9.619397521018981934e-01 3.103458881378173828e-01 4.347369074821472168e-01
9.571048617362976074e-01 3.097169995307922363e-01 4.469221830368041992e-01
9.519946575164794922e-01 3.092178106307983398e-01 4.591394662857055664e-01
9.466121792793273926e-01 3.088485896587371826e-01 4.713813364505767822e-01
9.409606456756591797e-01 3.086095750331878662e-01 4.836404621601104736e-01
9.350435137748718262e-01 3.085008859634399414e-01 4.959094226360321045e-01
9.288643002510070801e-01 3.085226416587829590e-01 5.081808567047119141e-01
9.224267601966857910e-01 3.086747825145721436e-01 5.204473733901977539e-01
9.157348275184631348e-01 3.089571893215179443e-01 5.327015519142150879e-01
9.087924361228942871e-01 3.093698024749755859e-01 5.449360609054565430e-01
9.016037583351135254e-01 3.099122643470764160e-01 5.571435093879699707e-01
8.941732048988342285e-01 3.105842769145965576e-01 5.693165063858032227e-01
8.865052461624145508e-01 3.113854527473449707e-01 5.814477205276489258e-01
8.786044120788574219e-01 3.123153150081634521e-01 5.935299396514892578e-01
8.704755902290344238e-01 3.133732676506042480e-01 6.055557727813720703e-01
8.621235489845275879e-01 3.145587146282196045e-01 6.175180673599243164e-01
8.535534143447875977e-01 3.158709406852722168e-01 6.294095516204833984e-01
8.447702527046203613e-01 3.173091113567352295e-01 6.412230730056762695e-01
8.357794880867004395e-01 3.188723921775817871e-01 6.529515385627746582e-01
8.265864253044128418e-01 3.205598294734954834e-01 6.645878553390502930e-01
8.171966671943664551e-01 3.223704099655151367e-01 6.761250495910644531e-01
8.076158165931701660e-01 3.243030905723571777e-01 6.875561475753784180e-01
7.978496551513671875e-01 3.263566195964813232e-01 6.988742351531982422e-01
7.879040837287902832e-01 3.285298347473144531e-01 7.100725769996643066e-01
7.777851223945617676e-01 3.308213651180267334e-01 7.211443185806274414e-01
7.674987912178039551e-01 3.332298696041107178e-01 7.320829033851623535e-01
7.570513486862182617e-01 3.357538878917694092e-01 7.428817152976989746e-01
7.464491128921508789e-01 3.383919298648834229e-01 7.535341978073120117e-01
7.356983423233032227e-01 3.411423265933990479e-01 7.640339136123657227e-01
7.248056530952453613e-01 3.440035283565521240e-01 7.743746638298034668e-01
7.137775421142578125e-01 3.469736874103546143e-01 7.845500707626342773e-01
7.026206851005554199e-01 3.500511348247528076e-01 7.945541143417358398e-01
6.913416981697082520e-01 3.532339632511138916e-01 8.043807148933410645e-01
6.799474954605102539e-01 3.565202355384826660e-01 8.140239715576171875e-01
6.684449315071105957e-01 3.599080145359039307e-01 8.234781026840209961e-01
6.568408608436584473e-01 3.633952438831329346e-01 8.327373266220092773e-01
6.451423168182373047e-01 3.669797778129577637e-01 8.417961597442626953e-01
6.333563923835754395e-01 3.706595301628112793e-01 8.506491184234619141e-01
6.214900612831115723e-01 3.744322657585144043e-01 8.592908382415771484e-01
6.095505952835083008e-01 3.782956600189208984e-01 8.677161335945129395e-01
5.975451469421386719e-01 3.822474479675292969e-01 8.759198784828186035e-01
5.854809284210205078e-01 3.862851858139038086e-01 8.838972449302673340e-01
5.733652114868164062e-01 3.904065191745758057e-01 8.916433453559875488e-01
5.612053275108337402e-01 3.946089446544647217e-01 8.991535902023315430e-01
5.490085482597351074e-01 3.988898694515228271e-01 9.064233303070068359e-01
5.367822647094726562e-01 4.032467603683471680e-01 9.134482741355895996e-01
5.245338082313537598e-01 4.076770246028900146e-01 9.202241897583007812e-01
5.122706294059753418e-01 4.121779501438140869e-01 9.267469644546508789e-01
5.000000000000000000e-01 4.167468547821044922e-01 9.330127239227294922e-01
4.877294003963470459e-01 4.213809072971343994e-01 9.390175938606262207e-01
4.754661619663238525e-01 4.260774254798889160e-01 9.447580575942993164e-01
4.632177054882049561e-01 4.308335185050964355e-01 9.502305984497070312e-01
4.509914219379425049e-01 4.356462955474853516e-01 9.554319381713867188e-01
4.387946724891662598e-01 4.405129551887512207e-01 9.603589177131652832e-01
4.266347587108612061e-01 4.454304575920104980e-01 9.650086164474487305e-01
4.145190417766571045e-01 4.503959119319915771e-01 9.693782329559326172e-01
4.024548530578613281e-01 4.554063081741333008e-01 9.734650850296020508e-01
3.904493749141693115e-01 4.604586362838745117e-01 9.772667288780212402e-01
3.785099089145660400e-01 4.655498266220092773e-01 9.807808995246887207e-01
3.666436076164245605e-01 4.706768095493316650e-01 9.840054512023925781e-01
3.548576533794403076e-01 4.758365452289581299e-01 9.869384765625000000e-01
3.431591391563415527e-01 4.810259044170379639e-01 9.895781874656677246e-01
3.315550684928894043e-01 4.862416982650756836e-01 9.919229745864868164e-01
3.200524747371673584e-01 4.914808869361877441e-01 9.939714670181274414e-01
3.086582720279693604e-01 4.967402517795562744e-01 9.957224130630493164e-01
2.973793447017669678e-01 5.020166039466857910e-01 9.971747398376464844e-01
2.862224578857421875e-01 5.073068737983703613e-01 9.983276128768920898e-01
2.751943469047546387e-01 5.126078128814697266e-01 9.991803169250488281e-01
2.643016278743743896e-01 5.179161429405212402e-01 9.997323155403137207e-01
2.535509169101715088e-01 5.232287049293518066e-01 9.999832510948181152e-01
2.429486215114593506e-01 5.285423994064331055e-01 9.999330639839172363e-01
2.325011938810348511e-01 5.338539481163024902e-01 9.995817542076110840e-01
2.222148776054382324e-01 5.391601920127868652e-01 9.989294409751892090e-01
2.120959013700485229e-01 5.444579124450683594e-01 9.979766607284545898e-01
2.021503448486328125e-01 5.497438311576843262e-01 9.967238903045654297e-01
1.923841983079910278e-01 5.550149083137512207e-01 9.951719045639038086e-01
1.828033626079559326e-01 5.602678656578063965e-01 9.933216571807861328e-01
1.734135746955871582e-01 5.654996633529663086e-01 9.911742806434631348e-01
1.642205268144607544e-01 5.707069635391235352e-01 9.887309670448303223e-01
1.552297323942184448e-01 5.758867859840393066e-01 9.859933257102966309e-01
1.464466154575347900e-01 5.810360312461853027e-01 9.829629063606262207e-01
1.378764659166336060e-01 5.861513614654541016e-01 9.796415567398071289e-01
1.295244395732879639e-01 5.912299752235412598e-01 9.760313630104064941e-01
1.213955804705619812e-01 5.962686538696289062e-01 9.721343517303466797e-01
1.134947761893272400e-01 6.012644171714782715e-01 9.679529666900634766e-01
1.058267876505851746e-01 6.062141656875610352e-01 9.634897112846374512e-01
9.839623421430587769e-02 6.111150383949279785e-01 9.587472677230834961e-01
9.120759367942810059e-02 6.159641146659851074e-01 9.537284374237060547e-01
8.426519483327865601e-02 6.207583546638488770e-01 9.484363794326782227e-01
7.757321745157241821e-02 6.254948377609252930e-01 9.428741335868835449e-01
7.113569229841232300e-02 6.301708221435546875e-01 9.370451569557189941e-01
6.495650112628936768e-02 6.347835063934326172e-01 9.309529066085815430e-01
5.903936922550201416e-02 6.393300294876098633e-01 9.246010780334472656e-01
5.338785052299499512e-02 6.438077092170715332e-01 9.179934859275817871e-01
4.800535365939140320e-02 6.482138633728027344e-01 9.111341238021850586e-01
4.289512336254119873e-02 6.525456905364990234e-01 9.040271043777465820e-01
3.806023299694061279e-02 6.568006873130798340e-01 8.966766595840454102e-01
3.350359946489334106e-02 6.609764099121093750e-01 8.890873193740844727e-01
2.922796830534934998e-02 6.650701165199279785e-01 8.812636137008666992e-01
2.523590996861457825e-02 6.690794825553894043e-01 8.732102513313293457e-01
2.152983285486698151e-02 6.730020642280578613e-01 8.649320602416992188e-01
1.811196655035018921e-02 6.768355369567871094e-01 8.564340472221374512e-01
1.498437300324440002e-02 6.805775165557861328e-01 8.477213382720947266e-01
1.214893534779548645e-02 6.842257380485534668e-01 8.387991786003112793e-01
9.607359766960144043e-03 6.877781152725219727e-01 8.296729326248168945e-01
7.361178752034902573e-03 6.912324428558349609e-01 8.203480839729309082e-01
5.411745049059391022e-03 6.945865750312805176e-01 8.108302950859069824e-01
3.760232590138912201e-03 6.978386044502258301e-01 8.011252880096435547e-01
2.407636726275086403e-03 7.009864449501037598e-01 7.912388443946838379e-01
1.354771666228771210e-03 7.040283679962158203e-01 7.811769843101501465e-01
6.022718735039234161e-04 7.069624066352844238e-01 7.709457874298095703e-01
1.505906548118218780e-04 7.097868919372558594e-01 7.605513930320739746e-01
0.000000000000000000e+00 7.124999761581420898e-01 7.500000000000000000e-01
1.505906548118218780e-04 7.151002287864685059e-01 7.392980456352233887e-01
6.022718735039234161e-04 7.175858616828918457e-01 7.284519672393798828e-01
1.354771666228771210e-03 7.199555635452270508e-01 7.174682021141052246e-01
2.407636726275086403e-03 7.222077846527099609e-01 7.063534855842590332e-01
3.760232590138912201e-03 7.243412733078002930e-01 6.951144933700561523e-01
5.411745049059391022e-03 7.263545989990234375e-01 6.837579607963562012e-01
7.361178752034902573e-03 7.282467484474182129e-01 6.722907423973083496e-01
9.607359766960144043e-03 7.300164103507995605e-01 6.607197523117065430e-01
1.214893534779548645e-02 7.316625714302062988e-01 6.490519046783447266e-01
1.498437300324440002e-02 7.331842780113220215e-01 6.372942924499511719e-01
1.811196655035018921e-02 7.345805764198303223e-01 6.254540085792541504e-01
2.152983285486698151e-02 7.358505725860595703e-01 6.135381460189819336e-01
2.523590996861457825e-02 7.369936108589172363e-01 6.015538573265075684e-01
2.922796830534934998e-02 7.380088567733764648e-01 5.895084142684936523e-01
3.350359946489334106e-02 7.388959527015686035e-01 5.774090886116027832e-01
3.806023299694061279e-02 7.396540641784667969e-01 5.652630925178527832e-01
4.289512336254119873e-02 7.402830123901367188e-01 5.530778169631958008e-01
4.800535365939140320e-02 7.407822608947753906e-01 5.408605337142944336e-01
5.338785052299499512e-02 7.411513924598693848e-01 5.286186337471008301e-01
5.903936922550201416e-02 7.413904666900634766e-01 5.163595676422119141e-01
6.495650112628936768e-02 7.414991259574890137e-01 5.040905475616455078e-01
7.113569229841232300e-02 7.414773702621459961e-01 4.918191432952880859e-01
7.757321745157241821e-02 7.413251996040344238e-01 4.795526266098022461e-01
8.426519483327865601e-02 7.410428524017333984e-01 4.672984480857849121e-01
9.120759367942810059e-02 7.406302094459533691e-01 4.550639390945434570e-01
9.839623421430587769e-02 7.400877475738525391e-01 4.428565204143524170e-01
1.058267876505851746e-01 7.394157648086547852e-01 4.306835234165191650e-01
1.134947761893272400e-01 7.386146187782287598e-01 4.185522496700286865e-01
1.213955804705619812e-01 7.376847267150878906e-01 4.064700603485107422e-01
1.295244395732879639e-01 7.366267442703247070e-01 3.944442272186279297e-01
1.378764659166336060e-01 7.354412674903869629e-01 3.824819624423980713e-01
1.464466154575347900e-01 7.341291308403015137e-01 3.705904781818389893e-01
1.552297323942184448e-01 7.326909303665161133e-01 3.587769567966461182e-01
1.642205268144607544e-01 7.311276197433471680e-01 3.470484912395477295e-01
1.734135746955871582e-01 7.294402122497558594e-01 3.354121744632720947e-01
1.828033626079559326e-01 7.276296019554138184e-01 3.238749802112579346e-01
1.923841983079910278e-01 7.256969809532165527e-01 3.124438822269439697e-01
2.021503448486328125e-01 7.236434221267700195e-01 3.011257648468017578e-01
2.120959013700485229e-01 7.214701771736145020e-01 2.899274528026580811e-01
2.222148776054382324e-01 7.191787362098693848e-01 2.788556516170501709e-01
2.325011938810348511e-01 7.167701721191406250e-01 2.679170668125152588e-01
2.429486215114593506e-01 7.142460942268371582e-01 2.571183145046234131e-01
2.535509169101715088e-01 7.116081714630126953e-01 2.464658319950103760e-01
2.643016278743743896e-01 7.088577151298522949e-01 2.359660714864730835e-01
2.751943469047546387e-01 7.059965133666992188e-01 2.256253659725189209e-01
2.862224578857421875e-01 7.030262947082519531e-01 2.154499292373657227e-01
2.973793447017669678e-01 6.999489068984985352e-01 2.054458856582641602e-01
3.086582720279693604e-01 6.967660784721374512e-01 1.956192851066589355e-01
3.200524747371673584e-01 6.934797763824462891e-01 1.859760284423828125e-01
3.315550684928894043e-01 6.900919675827026367e-01 1.765219271183013916e-01
3.431591391563415527e-01 6.866048574447631836e-01 1.672626733779907227e-01
3.548576533794403076e-01 6.830202341079711914e-01 1.582038551568984985e-01
3.666436076164245605e-01 6.793404817581176758e-01 1.493509113788604736e-01
3.785099089145660400e-01 6.755677461624145508e-01 1.407091915607452393e-01
3.904493749141693115e-01 6.717042922973632812e-01 1.322838962078094482e-01
4.024548530578613281e-01 6.677525639533996582e-01 1.240800991654396057e-01
4.145190417766571045e-01 6.637148261070251465e-01 1.161027401685714722e-01
4.266347587108612061e-01 6.595934629440307617e-01 1.083566248416900635e-01
4.387946724891662598e-01 6.553910970687866211e-01 1.008464246988296509e-01
4.509914219379425049e-01 6.511101722717285156e-01 9.357665479183197021e-02
4.632177054882049561e-01 6.467532515525817871e-01 8.655170351266860962e-02
4.754661619663238525e-01 6.423230171203613281e-01 7.977580279111862183e-02
4.877294003963470459e-01 6.378220915794372559e-01 7.325302064418792725e-02
5.000000000000000000e-01 6.332532167434692383e-01 6.698729842901229858e-02
